1024 4096
478 942 627
20 928 0
618 382 895
58 657 525
943 807 893
295 681 407
130 676 43
670 797 464
317 806 947
555 785 893
806 976 198
77 528 430
615 909 119
976 522 642
633 671 864
577 59 644
975 830 974
46 276 461
759 578 272
825 175 531
866 556 321
147 93 1010
538 280 556
1002 368 428
670 757 406
622 17 554
762 141 656
445 69 1002
900 526 624
741 312 866
233 910 488
406 938 297
298 66 755
272 646 759
42 664 921
348 880 405
431 605 323
99 351 738
653 572 773
293 269 694
278 325 747
179 169 421
358 520 747
696 100 780
935 275 308
487 680 638
319 11 397
432 147 550
166 267 45
310 929 279
738 686 873
180 656 582
513 266 629
793 760 450
23 656 70
785 809 79
894 896 721
462 767 29
1022 716 693
520 662 116
723 65 740
118 493 58
1022 890 403
12 658 992
547 478 509
697 330 592
558 602 639
483 864 351
851 412 109
243 653 387
397 138 263
990 174 411
864 699 731
695 1000 523
149 150 894
980 562 216
529 465 321
986 584 445
1023 303 788
334 890 312
828 376 975
362 112 643
812 436 433
260 558 378
48 72 997
396 450 995
759 621 51
657 211 358
111 838 862
496 931 305
100 469 204
1013 474 792
353 887 210
418 622 362
833 639 636
614 346 226
188 801 99
840 378 14
845 739 4
258 532 708
0 427 205
786 1005 441
795 236 159
825 951 537
382 546 695
392 411 130
664 658 944
717 36 446
162 12 734
890 466 764
649 390 811
52 461 828
183 689 704
282 765 596
647 60 693
273 117 846
420 1022 912
117 754 775
209 77 743
154 27 420
982 854 300
528 276 228
847 557 458
725 837 724
112 546 1014
818 790 737
253 893 843
939 916 726
798 88 617
811 169 742
971 424 297
416 57 133
661 70 559
964 633 495
392 199 14
508 598 637
723 662 568
657 618 439
743 467 981
925 680 763
194 378 349
169 329 264
786 112 112
907 263 901
347 602 847
287 778 436
396 873 252
973 538 969
445 899 839
40 335 83
403 898 719
735 1 625
884 936 1010
149 167 154
675 994 72
449 304 786
270 113 438
723 865 858
225 773 285
457 202 871
464 671 924
160 346 138
689 304 296
366 640 347
893 925 463
824 852 858
689 1014 710
679 229 60
78 769 1023
170 962 262
794 677 930
28 679 762
543 508 81
161 286 512
236 452 908
679 521 946
903 436 544
439 1001 813
931 1016 1017
880 24 567
957 515 221
65 792 400
616 573 867
224 1015 742
664 541 153
59 331 367
240 937 864
584 829 31
142 487 244
825 145 873
801 533 755
995 710 485
590 316 908
414 443 624
890 782 981
348 257 752
742 192 528
210 770 247
167 725 382
257 803 301
1021 498 722
908 141 735
672 567 572
738 471 534
323 171 514
436 286 512
492 115 109
830 194 441
824 144 854
673 590 750
993 712 271
61 98 499
357 566 633
287 1011 467
914 787 984
728 135 627
439 786 755
515 127 7
734 103 945
254 896 259
842 202 1005
794 384 670
350 870 381
153 54 99
79 387 574
554 98 401
130 329 897
686 877 960
751 710 862
465 552 934
599 580 715
612 780 737
98 506 900
651 842 793
610 794 578
676 421 686
491 869 300
49 766 533
532 391 577
32 1019 596
938 360 17
611 788 392
913 548 623
557 504 152
92 705 799
59 365 636
385 596 842
371 468 944
1005 542 247
846 444 587
301 750 191
362 385 417
1012 242 159
940 582 962
222 285 897
815 953 530
325 388 203
377 815 596
485 351 355
638 932 676
436 989 75
700 45 483
26 552 303
287 45 805
427 147 148
356 928 990
582 90 127
715 223 954
1 762 560
763 920 25
661 601 449
17 232 395
667 741 254
159 748 72
108 49 537
30 428 724
1001 374 927
371 226 423
211 78 927
368 270 32
637 198 286
600 603 93
225 777 37
692 449 563
170 35 753
157 572 590
701 558 126
521 271 990
810 905 387
547 755 876
26 572 849
550 155 858
617 798 780
272 976 524
635 303 455
738 978 687
630 1008 959
873 632 232
838 250 527
880 140 96
701 836 850
376 918 983
319 178 1010
317 929 936
494 468 593
214 219 710
201 422 631
29 391 125
490 643 916
94 734 518
192 121 541
436 691 981
433 645 848
696 622 274
590 20 254
52 642 656
745 416 139
309 736 658
307 280 996
62 974 499
101 168 479
941 687 326
372 310 834
307 672 926
1019 1017 778
870 256 469
900 878 885
298 160 714
578 649 604
864 523 488
674 645 588
49 989 782
345 187 687
244 541 978
823 673 429
66 499 702
964 537 6
456 305 117
60 568 337
380 272 592
440 102 354
912 585 361
38 652 488
2 179 7
642 928 327
583 111 418
601 560 139
655 507 303
718 209 626
604 602 566
878 811 279
437 80 930
70 587 202
786 59 925
752 63 791
62 244 146
754 776 908
276 693 491
100 3 964
334 523 744
321 449 632
525 265 395
183 696 903
153 7 1012
554 986 33
1 378 587
59 369 222
905 561 554
667 554 337
688 128 696
908 417 922
950 993 378
988 947 946
589 354 716
132 121 973
209 781 222
805 503 426
97 44 369
441 27 906
801 18 267
734 55 821
384 464 553
883 977 631
708 933 273
63 576 346
1004 142 793
251 302 373
115 614 107
380 202 769
57 946 499
154 178 334
963 485 891
747 852 834
20 90 115
60 787 456
937 827 333
467 344 687
300 262 354
339 184 137
800 552 298
714 1009 645
435 447 520
961 931 40
288 217 23
135 754 30
618 142 337
597 722 358
388 62 690
428 633 493
244 336 566
429 282 990
624 812 32
885 361 99
853 221 127
741 646 612
338 330 564
586 974 376
711 135 28
169 92 695
829 129 181
126 209 433
279 968 407
354 686 142
768 363 634
824 682 493
973 953 5
46 838 788
448 331 171
684 548 659
639 81 554
653 256 648
109 191 460
532 502 851
423 856 135
608 691 207
1004 740 26
115 665 256
699 655 192
772 989 515
1012 747 409
984 768 830
880 1005 507
891 447 333
979 996 141
145 669 922
848 495 551
736 313 652
882 344 737
503 836 482
985 483 156
966 538 268
720 814 747
315 342 834
427 493 516
62 378 622
15 536 177
396 87 581
829 371 50
783 902 673
216 533 371
520 634 283
446 500 430
144 267 697
207 487 285
812 914 578
114 917 231
808 102 239
700 535 770
883 562 714
431 279 149
956 1013 479
460 997 36
227 195 177
650 719 281
3 5 857
670 638 947
993 837 337
821 338 446
940 495 778
455 952 394
742 65 838
946 696 9
102 811 325
760 1013 149
898 659 559
733 250 81
877 690 841
99 195 333
778 496 19
789 74 164
72 126 146
673 418 34
459 719 152
799 649 22
851 865 475
829 63 34
826 332 54
233 360 920
518 192 429
325 225 828
30 748 712
860 662 712
239 108 478
200 116 799
37 786 422
836 820 960
948 168 624
306 774 74
251 533 840
59 95 721
819 438 455
242 320 314
984 361 1006
240 538 1013
24 493 663
260 353 348
638 904 742
128 595 713
320 943 926
263 1004 229
551 146 659
956 270 518
326 437 751
863 769 194
37 732 352
94 895 92
615 390 510
36 913 1002
365 568 709
769 268 676
430 825 918
290 447 709
736 242 807
484 662 537
302 878 938
884 622 673
515 229 536
88 223 238
783 622 964
482 636 995
122 769 668
94 800 46
303 431 340
783 617 635
887 925 369
922 390 222
1002 505 364
237 868 190
980 697 198
217 315 752
120 135 719
278 903 987
13 661 413
379 544 430
5 453 662
162 471 974
468 844 216
149 1012 15
181 319 913
580 322 492
12 402 932
199 541 736
528 742 765
582 515 777
227 306 804
76 663 740
383 945 857
861 1007 190
835 934 184
562 120 770
441 201 392
284 1017 509
250 368 920
826 622 627
427 950 949
800 865 532
76 438 115
206 930 669
1008 572 665
550 500 384
205 432 482
213 133 157
714 679 866
348 321 753
194 228 783
172 858 994
8 444 253
448 644 118
400 673 676
597 256 192
737 93 438
922 739 525
223 189 772
848 872 794
952 954 951
279 387 798
49 788 860
561 357 984
997 554 472
48 791 179
517 113 647
758 832 695
627 712 712
37 450 610
150 433 391
717 966 898
147 671 438
582 494 231
629 317 260
831 398 941
911 936 218
324 203 944
586 194 218
894 433 963
653 704 151
266 452 853
434 558 735
471 23 184
804 728 352
378 961 118
35 302 231
34 86 9
478 1 352
66 780 501
945 235 123
911 457 177
344 26 912
31 680 117
869 526 48
237 165 390
74 959 814
81 230 71
48 335 746
983 456 21
218 939 648
421 276 973
287 748 418
249 593 890
215 937 411
183 704 29
183 702 406
64 332 773
395 93 773
1017 327 862
447 275 929
205 19 349
783 207 321
880 160 776
683 160 534
128 331 453
305 714 627
356 909 878
782 628 880
885 856 57
960 65 418
202 686 215
952 879 243
598 285 387
579 357 828
687 964 347
873 382 208
118 107 902
60 986 567
848 562 521
890 945 888
312 63 852
822 125 772
107 790 892
965 680 269
933 740 509
1003 764 401
738 405 295
494 861 72
61 207 941
523 840 841
651 166 773
176 1019 1023
353 953 289
950 417 365
75 454 855
118 807 607
866 856 451
644 187 573
193 747 271
838 541 32
68 119 193
668 517 375
42 693 801
362 891 637
31 658 117
620 724 63
682 525 534
443 189 823
101 870 49
541 49 266
571 835 541
561 967 559
321 679 149
964 582 582
970 16 722
505 457 721
654 81 718
464 207 520
403 987 836
381 619 478
286 236 581
482 386 442
545 464 791
624 399 638
818 75 628
312 958 770
940 718 859
415 18 358
387 255 769
958 428 521
240 786 401
828 714 941
106 417 1002
789 98 399
560 848 912
854 552 278
22 619 71
263 477 265
53 470 786
810 654 686
879 806 335
362 170 8
494 215 787
116 434 391
1020 473 572
498 151 806
251 729 871
286 141 330
476 709 621
302 929 705
389 393 559
532 952 940
680 187 89
573 460 129
862 190 510
842 997 940
741 942 220
94 518 653
826 214 982
829 505 116
809 545 613
295 785 683
456 309 1002
820 68 258
977 551 124
888 333 723
273 493 31
824 655 497
1003 126 161
63 843 883
711 825 251
561 847 254
448 425 299
579 713 660
968 462 580
240 223 733
541 920 807
625 700 22
867 227 76
801 15 372
705 196 538
64 831 163
58 861 349
187 550 792
265 581 1020
69 375 1019
80 962 438
385 886 684
709 139 262
826 607 413
159 539 31
191 692 64
899 578 80
860 420 893
62 287 999
560 479 17
503 970 305
556 845 992
879 179 930
690 47 627
761 303 537
872 895 973
315 487 346
95 399 427
500 938 691
455 509 974
279 224 50
284 14 196
924 301 587
51 216 424
999 900 538
689 756 695
595 635 703
135 396 695
261 751 794
523 107 931
165 732 178
890 399 121
1011 141 550
154 282 849
744 1002 305
433 556 111
1005 497 370
608 864 241
224 299 591
953 870 443
516 60 173
703 521 184
255 852 737
651 585 456
461 11 58
350 69 184
239 43 948
934 153 202
842 98 219
949 762 23
501 335 218
684 29 497
687 621 864
646 886 746
566 29 968
298 762 396
739 534 324
104 628 64
834 468 449
960 1012 179
19 478 303
270 274 668
855 456 990
607 243 374
437 172 502
417 585 471
840 72 810
725 868 924
880 381 415
199 845 394
629 928 151
972 971 235
415 814 775
509 132 714
320 298 402
497 910 173
220 124 100
408 588 492
883 923 502
844 450 982
523 157 843
693 318 702
325 344 467
751 572 119
995 474 311
624 310 830
301 388 613
355 968 756
985 520 209
660 278 594
497 52 335
805 394 569
78 378 992
532 744 645
980 408 527
147 328 501
6 728 1023
803 222 962
495 683 122
383 318 748
703 699 153
477 488 103
429 672 135
417 463 475
834 275 1001
452 32 117
869 455 864
727 949 144
101 361 888
210 208 813
867 87 846
370 353 820
1007 102 986
292 360 700
601 393 1013
975 379 387
1009 27 267
56 493 994
137 973 879
1006 183 147
274 331 924
933 422 819
270 307 362
580 874 179
568 331 996
535 119 671
552 619 181
334 893 172
65 317 870
589 773 200
47 990 855
648 174 836
275 713 653
856 1014 91
597 943 640
756 621 275
701 295 991
872 588 598
668 35 333
797 3 345
299 1014 164
322 532 75
693 637 759
122 534 122
618 734 777
251 608 638
851 675 131
638 536 125
586 375 141
451 132 28
88 1008 497
755 975 699
441 485 773
445 9 304
781 295 186
620 706 880
902 640 312
248 328 412
661 856 318
987 1000 152
300 1007 842
795 147 713
459 286 858
304 737 586
405 174 970
1008 364 340
167 718 487
533 514 855
489 964 252
1005 680 263
582 12 36
422 223 869
420 10 456
920 735 714
473 795 126
820 507 695
385 473 622
876 872 529
734 28 1017
732 346 61
183 81 999
468 46 62
276 372 61
453 749 573
359 170 999
567 752 887
567 833 604
278 1019 57
669 390 1014
482 103 594
196 312 126
247 48 521
169 680 432
953 531 66
395 959 710
281 760 673
500 30 315
308 779 395
32 761 3
110 285 432
852 276 835
364 117 238
481 360 209
364 390 942
777 332 600
169 531 418
324 322 993
902 58 271
201 807 796
189 323 651
846 502 333
262 259 1023
255 671 399
6 638 69
639 57 822
850 991 817
843 12 359
532 125 465
256 846 170
236 840 759
890 499 322
849 816 228
234 596 795
848 918 705
595 291 985
787 576 391
728 371 382
397 991 522
744 754 238
338 459 392
469 154 336
275 982 293
489 438 89
922 271 380
44 207 796
248 999 500
692 831 735
607 249 883
20 404 649
432 162 104
333 327 623
1007 596 956
671 177 982
995 294 613
554 819 815
543 910 788
527 492 348
675 159 525
925 835 363
257 1016 667
388 201 750
948 1000 975
891 918 716
424 909 945
358 667 959
179 754 187
671 31 934
266 30 837
387 260 535
976 361 59
782 53 603
614 727 849
891 482 801
380 802 467
726 464 319
984 815 210
702 114 71
604 32 951
623 479 978
718 504 111
983 556 291
880 354 304
26 1011 613
153 304 797
885 907 838
500 1019 242
998 560 738
779 314 336
929 738 568
339 733 726
1014 350 849
230 736 526
87 102 140
118 950 431
603 748 830
891 314 327
438 85 462
757 156 546
512 406 607
373 78 371
818 578 626
749 901 666
386 692 143
224 833 400
400 951 132
285 409 740
199 248 864
410 226 964
551 1003 452
220 849 565
229 518 19
722 661 501
591 828 461
255 190 976
54 175 946
546 701 576
339 567 27
801 932 147
633 293 932
517 12 512
464 262 938
624 689 544
435 546 971
351 788 90
418 835 11
986 412 300
1021 936 639
199 140 302
259 527 664
428 564 753
510 483 587
677 83 763
934 204 864
551 33 561
431 232 450
243 414 373
534 843 470
289 337 582
538 522 629
588 280 376
248 955 828
518 205 807
572 965 689
924 805 834
107 113 544
990 991 170
444 820 960
622 840 898
781 1 385
755 245 687
501 410 609
725 1019 203
787 371 847
87 663 669
805 553 183
808 723 922
963 483 428
168 686 731
882 787 381
826 190 432
678 962 466
1012 121 509
323 106 998
93 784 465
88 278 127
578 338 428
835 749 999
1 406 409
282 517 666
105 977 490
422 600 379
621 269 691
765 875 40
83 383 484
690 102 302
431 715 850
187 876 743
122 692 632
746 413 298
27 312 710
356 104 508
190 615 210
91 878 877
537 854 598
406 120 180
77 573 850
942 644 847
516 124 680
398 954 189
48 300 897
725 604 177
258 682 716
82 825 321
420 918 820
113 657 618
683 554 39
684 195 742
448 350 535
396 271 516
1016 317 986
928 544 298
550 254 227
165 572 102
915 181 47
790 158 785
531 384 225
133 279 174
376 324 851
488 522 249
507 955 421
555 820 173
807 658 206
428 160 264
704 70 339
392 924 915
857 492 708
411 16 660
199 981 690
361 716 13
633 445 98
456 404 707
860 245 476
676 770 562
212 761 673
73 1010 881
486 384 78
22 169 103
506 1002 357
971 534 231
461 438 884
435 754 85
587 450 809
55 870 825
900 401 220
620 935 872
540 407 209
431 640 190
588 212 448
723 105 0
52 459 543
804 936 216
324 795 232
994 766 877
346 151 899
823 607 581
1021 351 325
441 983 621
610 282 753
334 964 229
292 847 396
897 164 555
194 316 703
322 957 530
1011 830 612
844 995 626
639 86 421
759 704 830
465 47 277
415 798 209
737 618 811
332 574 351
298 968 803
859 593 346
697 990 570
858 998 759
732 347 329
361 959 669
7 69 370
912 633 57
916 400 184
186 522 331
587 119 171
746 581 542
802 84 275
214 267 457
101 740 39
790 830 156
872 4 632
702 408 277
375 248 496
247 910 445
664 663 292
862 398 963
411 651 61
1007 446 919
422 494 95
914 225 741
109 723 723
1007 601 626
501 190 662
623 7 234
65 537 560
165 624 357
242 399 911
345 296 245
379 896 530
394 796 64
21 213 881
451 921 420
594 734 207
413 790 491
965 1012 856
404 408 801
898 537 896
23 282 635
346 774 905
554 416 900
643 619 422
258 881 269
744 327 609
461 64 630
810 265 820
996 497 154
352 99 514
152 592 443
1004 865 437
626 620 778
244 163 614
821 178 36
642 603 215
893 387 144
569 285 458
221 456 647
631 702 770
534 299 22
806 787 706
480 1010 918
249 659 324
489 757 853
815 434 636
72 358 291
856 77 672
362 814 224
888 982 807
421 817 643
713 595 577
726 576 847
265 922 570
278 15 377
41 255 134
34 273 597
49 12 534
1003 947 498
443 562 445
162 181 586
665 135 548
890 246 255
312 247 91
951 738 383
600 936 498
237 55 470
1022 231 171
452 497 692
312 587 278
394 287 693
134 107 591
503 382 943
626 800 813
867 626 244
140 1023 622
688 165 909
792 494 858
385 498 1008
730 880 227
33 770 635
642 42 572
360 979 876
731 82 57
148 893 841
336 119 368
596 292 159
410 985 436
266 673 692
675 176 54
405 373 671
732 310 1021
260 188 662
736 822 283
818 565 447
871 778 619
163 690 423
443 74 130
88 292 239
826 348 27
81 639 863
320 649 725
967 549 327
972 401 670
790 294 682
386 857 723
904 839 973
852 568 636
793 603 960
93 677 115
1015 952 51
961 670 832
200 228 256
136 160 340
516 521 846
166 752 141
708 232 67
400 245 556
448 508 439
527 770 987
428 821 459
262 564 877
395 268 938
353 181 672
624 952 353
428 548 166
953 495 228
471 578 575
811 233 1015
109 412 819
485 259 606
302 63 742
663 584 831
645 271 841
244 909 945
964 635 1014
952 109 887
591 517 458
529 206 935
637 419 909
686 337 733
612 181 93
179 187 166
168 461 806
489 867 618
539 755 983
714 622 444
295 532 392
42 325 418
145 555 704
576 842 944
731 863 182
359 138 289
648 197 101
78 658 142
904 254 511
559 26 860
285 674 675
714 696 340
901 656 236
158 142 273
442 613 934
216 849 3
1013 579 201
326 589 380
239 466 70
679 511 60
684 455 867
705 299 69
709 927 721
84 177 845
606 283 671
313 348 785
120 71 48
504 265 350
767 332 1
543 250 42
807 458 159
27 599 738
729 793 468
831 627 340
699 38 746
178 383 955
527 255 889
954 805 848
777 898 230
411 178 745
561 274 223
734 872 234
801 603 331
274 340 844
19 12 161
504 453 329
15 50 60
796 955 287
757 352 522
300 326 178
281 982 440
492 767 431
1002 411 500
1010 965 609
479 432 710
728 783 220
89 926 186
908 401 457
436 733 208
681 137 804
1022 945 680
332 741 207
759 590 1020
610 438 65
635 401 405
282 994 42
638 424 627
51 11 315
535 921 121
949 570 532
661 289 352
121 376 992
598 923 236
0 275 954
727 204 769
977 520 594
409 503 574
931 878 772
51 579 498
514 686 807
534 473 375
413 409 1000
73 260 502
463 613 619
513 260 317
638 922 722
747 867 258
913 668 783
230 381 732
83 228 107
382 895 464
231 110 975
916 733 1004
547 25 108
311 264 392
261 315 657
997 370 154
847 375 497
679 42 739
417 618 947
488 334 882
804 850 795
148 784 269
749 808 49
712 190 205
418 635 451
132 17 205
226 238 711
987 524 159
196 235 751
629 802 323
883 764 516
529 704 501
313 1007 821
316 192 946
616 463 24
248 739 677
904 994 297
1016 635 58
760 62 344
487 814 187
242 109 851
464 543 394
306 31 812
54 988 824
90 411 267
330 862 599
686 559 197
908 561 167
410 1006 448
711 402 30
248 132 170
8 394 289
671 445 314
58 546 140
559 393 798
18 181 591
662 115 850
109 359 1007
852 887 815
278 745 1010
654 602 304
335 629 569
933 623 772
117 729 823
324 199 132
116 972 327
990 224 525
779 749 772
272 800 699
851 11 208
876 194 1
321 454 265
426 628 446
225 295 732
720 230 585
921 275 241
1012 922 101
158 992 760
812 354 716
268 881 599
653 440 869
606 378 609
936 1018 131
70 985 568
292 460 726
215 832 438
440 648 480
69 146 320
339 328 25
196 69 581
737 282 536
718 809 520
114 119 107
884 123 314
898 823 777
132 151 227
550 60 385
854 16 490
522 426 228
992 12 646
652 589 690
481 377 617
214 432 142
286 948 112
833 553 413
737 1010 546
597 485 648
1003 275 1016
890 417 720
30 258 702
409 728 338
232 928 847
330 384 741
137 239 450
268 492 392
327 339 837
417 170 882
372 1008 6
708 173 480
949 2 909
776 783 460
760 800 923
1004 767 446
791 335 635
416 134 722
294 952 590
398 983 1023
403 616 550
929 480 967
35 599 862
895 379 274
293 934 110
691 23 421
74 475 415
128 16 56
936 357 588
852 146 200
335 394 611
42 45 767
273 177 58
570 423 114
276 368 386
675 158 775
114 932 638
219 667 896
443 727 828
910 173 451
321 715 281
1008 718 982
96 109 1010
589 638 513
71 93 894
871 794 238
434 454 605
460 416 607
259 808 661
603 531 335
191 997 959
944 970 668
296 594 198
627 54 107
720 628 677
999 766 233
296 634 523
999 595 880
66 99 587
381 745 188
297 243 843
756 234 919
826 961 410
950 385 852
688 1015 953
968 218 992
242 2 155
888 81 656
274 16 925
782 76 32
177 1020 350
608 74 955
228 436 962
962 882 808
992 119 433
184 17 311
306 191 799
770 790 826
615 582 906
456 198 169
50 535 548
149 920 876
160 826 725
717 349 45
545 680 95
591 819 659
902 647 127
532 635 593
937 67 583
342 134 224
331 154 162
107 850 129
724 928 502
554 180 864
1007 74 978
172 86 59
508 639 34
154 916 609
225 719 584
158 914 1003
739 909 807
545 339 149
750 104 225
599 605 89
41 147 977
502 233 871
532 606 948
417 871 347
5 595 139
653 383 1009
772 925 936
819 854 888
406 659 492
77 1005 830
686 267 154
67 189 770
83 678 940
261 387 739
895 617 455
247 361 303
503 310 660
120 253 551
498 65 284
959 246 973
427 671 124
796 603 24
851 323 1009
548 622 12
781 381 876
382 310 178
279 967 152
405 828 417
351 402 309
428 646 227
537 337 434
155 393 852
974 599 597
990 1016 748
452 568 679
280 516 521
858 691 572
510 408 348
129 997 97
2 687 422
166 592 822
182 29 740
745 743 482
210 897 663
953 906 195
808 737 1023
912 493 833
130 938 760
28 657 262
158 253 677
258 507 202
262 152 946
269 140 61
819 91 242
528 554 327
1007 936 152
959 213 895
838 802 129
698 784 211
176 325 135
221 194 290
507 509 729
778 374 42
867 174 413
463 392 851
905 657 384
340 510 63
142 103 757
851 942 518
211 555 928
585 439 563
865 601 800
661 628 827
577 57 440
243 911 360
530 613 343
612 403 756
44 775 593
349 777 161
586 117 276
773 18 1023
614 9 227
453 589 1021
981 445 1014
620 838 310
441 895 529
649 1016 745
909 166 238
399 820 581
372 87 667
684 407 845
293 680 505
902 497 860
841 719 478
229 945 185
510 668 209
595 844 211
375 848 121
407 229 902
756 219 326
832 579 943
507 173 156
199 769 1010
1012 820 532
1014 713 47
814 688 671
75 195 20
307 782 301
841 1016 981
1007 628 602
584 56 104
240 85 132
101 447 86
761 307 885
731 444 228
164 912 276
716 686 109
648 794 876
849 863 601
387 200 742
555 478 912
829 805 714
896 859 666
61 997 509
439 249 164
43 447 612
127 595 209
378 549 36
800 740 348
61 84 910
150 455 728
6 492 142
587 286 477
22 702 629
932 338 332
713 365 486
192 90 730
868 10 381
212 387 974
499 489 853
574 375 558
912 214 683
166 420 773
772 380 122
159 608 310
294 790 255
817 677 626
616 397 917
729 545 132
959 822 555
298 411 929
563 785 308
961 594 792
36 786 48
630 311 514
490 802 139
492 970 345
996 413 515
809 485 819
1003 572 608
794 706 347
337 182 157
948 901 674
92 642 366
892 864 957
357 707 951
666 192 737
476 761 191
211 668 263
1000 964 385
850 768 396
138 867 896
833 77 874
565 418 537
900 85 767
271 516 196
249 458 33
209 1007 224
275 225 451
396 664 880
751 564 712
704 284 865
72 974 910
348 950 385
599 281 107
460 428 224
534 460 111
1019 341 584
464 804 235
159 215 611
38 364 82
533 465 381
584 993 194
176 44 541
16 4 643
826 657 800
656 46 188
338 99 777
558 1021 163
1010 471 848
687 10 917
125 733 819
132 993 872
340 835 103
116 782 361
127 477 828
260 46 585
124 136 86
659 464 377
792 756 331
4 734 428
695 8 190
772 49 766
961 375 415
163 497 838
794 368 836
359 68 23
772 517 262
289 703 384
558 951 452
660 388 908
897 768 521
23 589 168
562 995 71
848 535 187
998 384 598
964 818 858
789 137 301
336 364 765
740 197 706
363 492 642
252 847 705
793 763 264
385 555 581
153 746 625
25 195 709
153 973 722
711 720 32
631 525 226
146 522 750
243 969 209
941 954 762
991 334 607
723 17 606
303 373 604
583 777 1016
331 112 472
216 826 786
662 990 850
609 444 979
728 982 541
95 629 506
1009 659 9
132 279 270
838 163 928
873 207 904
24 389 231
511 684 976
736 925 476
710 1019 751
309 520 674
61 41 943
629 1017 713
65 518 253
34 785 743
259 66 140
427 25 19
893 398 740
302 320 450
153 329 755
187 767 32
123 132 616
581 701 713
652 413 35
34 949 576
429 22 1001
592 629 287
898 908 647
684 516 668
846 555 622
197 38 283
463 39 202
718 394 780
304 572 604
869 833 786
146 182 846
386 525 288
1007 384 63
378 1018 381
507 167 807
32 453 346
380 538 114
902 413 118
326 246 529
465 727 495
444 810 884
55 976 982
558 497 499
702 660 706
469 590 602
46 559 90
530 663 134
948 955 44
202 979 503
571 191 1011
152 188 314
814 943 254
347 487 461
8 47 105
189 916 629
322 238 552
369 449 4
501 473 732
596 883 57
268 980 85
482 421 612
176 378 519
114 747 87
711 856 562
435 238 535
736 757 852
134 600 93
907 87 677
678 52 602
289 482 241
563 612 1017
765 123 267
690 232 115
831 798 846
327 117 298
444 120 749
136 310 475
726 473 605
789 532 727
501 535 847
371 847 520
903 500 180
437 648 121
772 980 809
846 21 1005
751 1023 852
857 717 718
552 624 99
700 645 911
836 479 636
538 111 733
973 589 1020
511 642 948
21 979 301
607 737 967
192 254 290
351 358 530
153 379 104
944 256 479
53 1015 568
265 651 1004
760 614 565
716 433 939
356 498 127
412 827 937
2 240 830
1003 909 384
712 655 380
499 457 676
352 513 218
45 367 998
922 761 781
632 388 880
140 251 649
934 670 333
926 569 697
293 86 278
360 521 861
80 582 307
629 196 959
1018 393 311
61 892 568
66 977 344
674 1004 201
154 418 254
371 769 539
143 330 640
918 559 397
268 946 345
471 776 399
167 574 1003
439 559 560
568 93 576
884 492 493
284 642 837
807 430 951
155 83 942
18 966 161
732 31 536
61 926 628
292 120 740
282 128 84
85 510 60
1001 192 81
420 628 577
236 541 995
695 754 998
52 1012 202
806 740 119
46 131 876
222 54 405
474 854 980
334 571 373
622 470 779
408 225 151
801 35 439
939 836 979
414 827 538
509 835 418
722 116 807
262 332 3
31 581 237
550 291 253
953 344 866
233 152 519
406 284 239
873 453 830
808 144 684
510 194 340
624 90 866
877 858 526
445 88 774
613 946 525
748 756 256
443 318 37
78 285 420
2 650 719
256 250 974
300 613 796
524 211 359
776 398 218
1012 969 842
39 128 466
929 786 719
633 464 852
761 343 267
1011 451 146
241 446 527
230 406 5
472 845 701
736 774 23
365 125 775
135 662 653
92 718 362
83 229 205
117 72 235
476 444 342
601 513 499
976 114 680
27 731 52
330 335 157
769 782 897
437 171 220
813 40 154
242 197 809
912 170 338
28 45 128
253 368 68
717 791 323
851 174 533
313 534 729
995 548 320
677 934 855
950 259 607
520 407 720
242 679 936
476 126 748
624 243 183
968 250 709
364 44 238
721 998 590
114 964 134
603 890 817
274 439 992
191 708 725
637 838 394
816 865 791
928 165 661
726 53 552
581 950 251
1012 162 980
453 469 664
132 969 1014
109 208 649
92 959 192
969 249 958
530 840 184
346 654 787
72 88 709
409 790 1015
123 708 427
8 115 841
669 27 972
505 1016 390
125 695 486
533 919 79
122 583 930
982 107 58
465 911 346
680 715 442
325 714 488
118 863 890
374 930 781
430 167 146
89 777 21
778 569 862
526 374 464
460 803 871
483 266 430
701 230 465
631 975 375
397 460 570
509 23 255
413 116 363
615 760 151
761 142 861
960 89 80
841 451 377
486 664 232
813 928 1015
235 845 713
984 702 714
21 193 505
788 857 804
43 164 343
415 956 634
352 622 73
369 736 346
336 823 142
607 146 229
676 588 744
705 297 112
308 851 607
630 397 818
660 566 881
745 849 934
815 496 262
425 475 6
724 462 464
100 687 689
28 377 213
701 186 726
32 361 861
702 679 504
328 1021 151
93 103 422
830 197 851
509 510 216
465 905 578
440 503 35
982 546 645
676 45 939
888 413 776
147 402 773
343 779 603
93 657 254
725 498 553
803 27 532
418 65 351
525 954 580
220 881 62
140 303 963
117 773 625
879 543 49
983 896 389
784 888 366
199 378 915
201 846 11
750 711 549
862 193 713
93 55 131
476 599 607
418 148 693
511 870 956
874 388 155
469 188 486
354 959 735
295 49 454
174 304 534
177 175 880
542 477 537
122 876 1001
911 560 847
873 16 200
991 711 94
380 884 934
551 110 262
89 207 931
497 385 708
447 358 375
803 338 318
237 426 50
491 225 760
655 725 264
313 343 611
231 364 515
189 775 1019
709 834 671
879 45 618
557 237 257
718 346 692
810 577 315
888 990 820
755 890 553
457 918 922
2 851 592
65 969 602
334 761 401
252 990 493
210 536 991
162 189 162
364 159 561
438 323 800
272 418 603
153 838 201
252 884 333
515 69 479
667 836 703
791 884 579
675 830 1014
678 94 206
66 880 326
630 553 255
15 716 966
706 528 4
949 419 919
969 607 611
509 229 395
400 396 790
173 29 790
77 329 189
335 148 511
896 234 805
491 792 425
446 330 92
376 739 271
925 711 131
155 691 573
140 382 673
668 975 616
1013 673 890
1005 663 998
48 966 46
889 790 909
982 348 412
742 1021 618
107 854 187
606 228 1009
985 751 150
237 915 604
927 889 494
132 784 896
302 236 791
799 259 831
725 87 723
609 491 557
867 346 864
740 878 231
845 859 134
136 531 373
317 827 862
713 507 740
888 739 110
451 142 547
425 242 405
56 554 452
93 709 100
213 580 94
942 124 973
1016 712 58
66 227 954
508 365 614
497 985 850
566 522 291
490 240 159
706 787 610
592 929 1014
929 482 952
248 292 58
868 679 58
47 834 744
764 630 643
916 512 765
173 91 10
1017 129 328
710 508 608
486 996 896
348 870 601
414 420 6
870 398 204
978 680 1011
384 208 747
664 411 27
214 160 904
294 548 60
703 55 782
975 803 807
841 357 792
581 705 652
467 592 731
57 834 182
323 530 568
803 774 896
910 161 110
338 753 526
486 786 805
999 89 417
961 790 664
27 881 544
515 540 140
400 563 277
512 442 327
344 749 637
836 871 836
455 758 960
767 883 643
755 324 439
376 470 179
762 925 121
290 945 581
328 899 205
985 87 980
667 862 790
502 33 90
288 804 66
275 993 343
400 934 394
369 904 317
391 765 806
833 41 122
494 921 142
43 316 209
719 378 426
234 197 35
686 166 792
204 298 430
898 119 604
446 885 188
543 928 546
809 370 950
272 809 842
808 697 692
836 720 977
970 351 138
892 731 582
733 316 462
272 691 283
797 522 583
528 630 607
996 132 349
397 541 751
1013 644 560
260 557 60
17 377 793
798 326 2
672 714 653
744 385 944
768 822 758
506 799 739
112 993 724
315 97 83
441 743 620
18 859 28
780 648 377
608 443 510
559 54 87
381 432 690
909 986 608
6 563 258
622 473 505
938 443 635
387 39 975
771 981 389
556 801 703
208 612 139
920 882 728
398 622 943
285 432 1000
434 575 687
131 47 756
731 205 49
739 367 311
138 823 409
680 295 389
937 96 835
1018 656 968
120 490 301
887 900 47
243 662 902
549 125 936
459 653 935
702 299 76
446 385 823
774 589 435
695 894 692
385 314 400
482 267 500
849 791 245
460 331 793
199 463 976
702 44 533
725 579 989
766 159 33
1011 558 801
292 661 947
71 548 224
1022 14 322
237 988 992
433 152 480
339 294 820
442 368 653
613 158 18
382 985 372
514 967 427
590 287 108
935 349 759
245 624 42
621 298 120
86 294 779
32 118 510
580 623 106
53 415 764
668 769 321
78 778 643
459 328 958
920 976 821
590 449 46
240 499 137
439 349 291
141 280 763
166 697 691
246 567 939
388 792 331
497 14 46
510 153 46
537 613 822
263 501 756
248 198 788
430 892 252
969 194 383
70 946 431
363 1009 866
362 981 249
352 661 197
282 92 1022
594 271 518
791 873 247
339 583 205
8 433 901
452 823 557
244 938 909
595 407 75
268 127 884
563 858 584
67 566 644
188 1001 907
634 375 511
432 976 928
222 1002 825
973 337 337
507 663 446
926 1018 131
706 991 86
699 643 709
362 858 989
230 618 371
338 104 570
184 256 296
927 463 112
246 814 333
230 1010 898
664 217 426
883 722 1024
944 824 322
649 225 779
794 41 245
966 605 568
839 203 710
426 100 157
539 562 342
650 818 490
915 338 879
1006 728 149
673 669 542
776 69 543
1019 619 162
856 792 154
625 727 532
522 905 584
415 382 482
60 551 971
528 636 615
80 108 654
520 125 604
169 123 298
82 282 328
821 952 1017
731 254 805
973 722 481
725 660 852
610 340 923
181 142 472
50 9 395
708 136 188
526 646 686
133 97 887
745 538 769
599 939 736
475 466 631
623 162 223
856 923 379
610 1005 928
510 322 867
257 797 844
333 650 405
748 981 429
345 710 546
868 304 286
156 129 539
342 596 855
662 365 829
97 510 250
241 56 1002
169 353 535
73 456 618
337 659 0
396 38 499
337 466 221
222 380 729
801 259 953
984 200 495
1018 240 965
638 1006 168
737 267 418
814 62 806
273 764 121
670 386 325
510 401 711
612 75 36
628 412 733
674 461 657
1022 247 339
447 721 972
370 213 633
978 620 659
917 1004 627
828 560 626
572 753 377
66 762 345
170 531 199
710 126 329
103 732 343
354 253 688
127 99 95
543 98 606
516 398 586
173 1000 18
309 807 260
361 516 910
719 567 544
818 197 171
561 738 969
239 301 666
486 864 532
848 983 602
535 962 178
395 478 712
14 1000 460
254 463 468
229 140 196
62 609 640
940 478 329
619 43 96
69 531 688
145 761 770
769 398 615
481 152 357
654 385 842
430 652 883
94 1000 640
685 204 20
443 222 225
131 908 491
754 389 985
46 832 143
437 56 239
591 616 40
446 101 187
621 647 651
915 756 585
771 766 941
435 463 1017
249 981 167
34 43 373
1014 535 480
175 185 390
538 929 693
772 343 567
59 412 893
329 463 689
666 916 837
733 93 222
186 583 88
214 761 733
936 321 801
403 402 788
731 232 11
235 285 73
81 30 588
198 633 819
193 437 86
905 146 46
342 344 564
940 970 574
72 1011 432
161 616 886
95 24 366
971 206 281
18 842 205
874 704 371
744 857 276
188 342 912
300 371 478
399 213 125
561 720 740
149 940 815
546 784 601
237 899 604
879 237 64
90 119 699
1001 200 648
907 98 708
264 104 764
254 710 621
568 323 23
111 264 256
454 168 616
720 27 277
299 172 832
273 677 603
190 987 156
162 504 136
497 881 3
370 662 210
616 498 861
367 366 611
99 598 320
498 927 91
731 673 839
680 457 90
749 24 935
150 481 633
124 785 249
867 2 746
697 851 99
146 117 46
213 667 713
725 209 776
862 103 600
871 816 941
936 196 461
729 886 315
454 296 1021
456 200 367
406 702 112
989 930 479
798 624 70
352 813 518
956 848 438
270 974 898
1010 777 545
183 278 690
129 135 666
705 501 401
41 780 539
830 472 471
873 606 265
4 702 573
605 350 775
134 59 1019
921 825 71
763 541 774
864 884 997
246 672 377
552 701 508
623 959 22
76 32 356
527 934 818
243 714 826
897 35 180
67 184 572
774 19 763
96 627 546
5 49 212
268 920 327
81 866 921
361 920 498
130 649 167
315 11 919
471 74 980
363 801 373
884 691 920
645 357 63
805 214 585
768 928 686
653 586 153
56 822 955
255 753 290
81 393 671
450 331 963
671 225 280
655 804 343
420 425 639
942 588 820
229 914 510
916 885 394
432 802 567
752 593 581
990 555 968
235 87 409
780 709 597
951 883 165
215 840 145
77 21 599
404 227 865
656 6 596
677 415 556
267 731 399
388 825 1004
426 841 941
494 948 796
590 389 650
656 215 624
1014 410 355
439 684 559
76 160 226
138 927 915
455 436 443
840 557 569
867 151 609
698 624 400
475 2 719
378 85 89
749 1 786
337 276 826
81 699 726
228 775 741
277 575 926
290 461 888
754 688 902
591 547 121
732 91 827
657 952 69
85 762 161
897 781 817
504 142 250
324 299 108
785 203 877
960 521 567
259 1014 358
387 632 647
538 88 664
356 708 783
472 83 270
358 609 749
973 561 874
1011 950 296
94 952 984
611 935 871
118 893 978
455 543 865
983 269 313
570 602 596
413 429 677
116 1006 363
97 169 727
555 805 390
174 336 335
284 152 637
884 9 853
210 204 139
395 834 901
78 996 897
309 1000 15
788 952 348
45 739 851
882 938 723
226 25 645
1011 653 129
865 648 958
250 648 962
717 776 145
158 185 151
500 234 804
534 807 748
910 203 304
321 1020 628
339 590 768
402 1006 886
713 418 832
270 615 981
231 421 611
560 355 925
820 746 355
456 323 852
957 407 656
851 451 127
917 835 949
146 321 621
234 424 833
484 340 276
240 723 418
201 61 970
584 552 890
18 374 285
413 594 610
657 615 815
215 955 912
287 613 744
446 745 843
211 69 604
534 49 147
768 598 269
332 779 892
641 624 91
45 608 911
354 576 280
230 217 612
644 287 554
387 627 279
156 979 1002
786 149 49
355 500 713
343 29 311
115 157 503
672 756 867
97 671 186
762 975 354
911 34 709
272 159 903
94 35 841
348 152 975
533 638 548
655 899 968
688 68 969
904 10 741
321 954 403
481 658 148
71 870 711
875 607 283
778 769 919
659 207 995
20 280 780
950 913 6
18 931 132
680 947 523
17 102 625
132 922 545
611 877 850
287 712 507
756 979 792
409 686 362
108 567 681
58 642 74
306 435 881
187 1004 468
474 55 117
699 742 141
51 69 849
56 881 665
78 468 916
647 10 641
954 837 520
115 390 731
31 6 982
358 458 108
958 53 374
309 773 598
309 519 645
267 81 32
926 344 673
229 969 426
596 92 821
426 214 232
517 702 265
961 742 820
870 395 341
406 884 540
249 224 582
416 267 15
607 468 100
521 262 101
608 441 575
583 248 1001
600 163 763
523 32 844
228 551 343
875 914 491
183 721 21
964 819 1000
266 872 999
561 514 643
633 860 748
744 735 155
462 443 671
119 233 727
504 106 509
858 684 686
326 594 210
228 931 183
197 618 498
424 465 92
754 328 1003
518 917 15
692 668 174
517 389 821
704 376 169
810 349 983
744 7 897
515 729 265
61 5 984
270 187 687
603 620 779
727 917 525
140 490 647
606 193 589
883 990 325
163 966 573
1000 333 675
602 55 397
321 194 962
464 774 330
1023 236 964
890 629 217
237 815 757
391 464 902
522 826 717
737 117 479
447 438 828
848 657 670
906 215 141
751 912 787
529 504 133
472 947 904
46 980 666
519 961 802
710 448 157
924 350 781
407 711 281
98 36 483
581 488 17
802 579 50
831 941 981
127 103 261
88 269 107
325 450 794
176 193 545
483 992 231
368 213 483
49 0 768
712 102 0
840 162 226
575 651 736
450 3 572
20 930 882
1013 780 400
877 293 4
422 127 619
827 106 216
1014 301 234
537 964 998
294 947 115
582 371 355
812 311 848
771 444 845
831 360 812
38 1020 253
398 246 497
274 415 452
415 44 481
421 694 862
404 609 3
360 363 282
692 192 581
841 203 53
1006 459 43
437 237 633
1016 834 740
461 949 514
117 213 698
828 378 292
1 952 985
60 365 703
708 39 619
724 94 464
806 285 326
310 338 399
228 88 740
627 530 538
30 355 185
740 537 872
310 375 562
813 318 452
269 486 535
652 970 340
314 324 192
604 677 962
459 198 636
979 198 200
177 496 472
303 961 590
879 713 538
1012 746 349
813 433 993
514 250 755
256 315 479
177 991 311
83 234 163
148 101 196
7 831 430
508 17 748
284 911 531
772 88 562
39 487 672
258 655 1006
600 142 216
744 296 386
561 183 510
469 15 337
873 82 478
505 231 544
168 205 0
559 147 503
784 824 336
279 784 429
203 105 535
984 104 263
519 585 32
261 754 283
926 448 344
643 413 40
456 252 930
594 738 317
209 144 824
900 215 947
908 576 464
101 212 629
145 157 571
999 915 729
420 445 277
650 748 967
191 175 172
709 246 370
707 807 404
930 327 187
71 523 597
908 616 236
448 500 518
91 430 686
360 377 932
942 394 148
111 812 809
34 227 138
381 604 439
543 1021 288
67 525 359
892 53 709
541 640 327
99 651 456
50 646 186
314 632 827
66 299 58
745 576 111
62 989 75
519 113 270
873 191 726
556 346 949
1 584 887
5 812 310
965 901 367
566 124 915
677 348 586
519 494 993
447 14 899
565 289 727
119 836 153
859 132 956
987 242 76
711 143 676
26 625 660
490 725 1000
786 706 312
858 77 900
569 717 302
534 196 816
681 144 83
908 52 1007
483 933 672
336 858 190
120 49 953
97 332 284
743 385 510
364 119 795
343 850 75
887 251 356
670 79 1024
311 997 627
239 727 655
344 250 603
452 579 1022
35 571 303
878 632 362
445 157 259
187 175 610
696 344 858
983 702 930
79 678 490
747 895 412
583 899 433
70 823 93
502 657 787
378 529 7
58 416 169
443 42 959
4 939 898
563 527 416
109 905 286
671 667 551
46 359 672
282 916 396
531 168 826
355 559 720
544 39 411
726 437 681
775 895 267
972 739 599
902 285 61
515 739 872
771 802 136
269 383 139
1010 668 142
900 391 438
784 932 620
865 555 1016
690 754 237
857 220 39
890 434 205
651 862 811
698 381 619
613 465 774
882 929 451
186 277 794
9 872 51
13 1013 1007
144 621 946
693 342 1005
370 500 858
299 862 1008
213 508 381
44 146 262
647 515 541
847 928 813
343 794 106
942 902 460
171 308 701
388 952 557
427 761 261
96 224 906
783 479 967
127 550 957
407 745 602
873 25 10
16 607 389
859 855 635
487 672 878
400 405 866
207 20 538
115 896 1023
930 571 375
158 628 890
550 31 512
87 673 321
542 511 140
81 297 209
368 430 235
807 852 599
754 734 372
854 13 473
951 168 349
504 176 760
725 632 1018
681 292 439
375 435 968
953 849 394
10 447 316
922 377 538
907 751 740
930 398 859
954 1002 902
527 973 54
289 499 202
630 909 678
283 938 896
397 467 824
500 804 488
450 518 490
693 508 879
172 284 791
459 847 939
518 885 193
507 934 784
905 835 785
431 773 634
656 136 936
482 1000 473
389 599 104
629 319 274
111 897 457
967 977 146
482 11 822
799 974 980
204 105 345
826 603 329
194 807 872
663 538 688
106 263 182
319 932 528
972 595 674
400 98 834
977 326 829
913 220 665
526 873 553
386 720 280
773 350 923
53 446 200
188 141 168
163 44 44
52 6 485
613 353 412
111 292 306
274 23 256
776 484 233
805 173 590
676 1022 402
912 733 253
459 201 80
168 637 377
540 47 378
710 760 657
783 596 396
538 135 152
429 395 1024
323 560 645
735 364 848
720 902 467
515 802 613
477 496 166
185 418 122
340 842 719
376 649 770
929 53 933
135 601 1024
727 639 697
466 955 430
255 965 907
853 905 756
113 139 447
31 983 645
350 626 129
996 36 316
602 322 87
622 662 404
774 243 734
1009 728 93
582 939 15
379 925 23
291 894 753
480 772 187
473 653 814
476 652 136
202 559 4
243 442 523
790 691 741
48 531 934
891 90 467
90 761 883
809 544 224
121 25 805
580 420 775
847 472 918
633 934 698
984 249 315
757 389 341
235 537 791
733 280 537
223 139 629
87 933 229
842 889 599
188 838 388
807 251 917
776 619 435
328 594 696
623 86 494
386 729 631
54 527 634
953 738 700
342 376 907
326 94 941
436 942 967
661 820 820
6 258 696
320 422 305
228 258 464
279 193 318
733 834 684
155 742 374
139 911 761
474 864 397
920 873 1001
665 96 790
241 51 713
214 184 257
708 295 30
381 914 829
782 281 633
265 720 573
527 328 911
750 331 420
206 196 949
45 138 57
985 865 300
232 457 439
95 638 860
394 399 709
819 777 965
17 66 343
838 437 587
145 277 78
231 581 530
564 335 727
986 151 667
777 96 743
514 850 235
97 687 138
121 851 637
868 250 512
849 562 72
897 682 856
98 249 522
1017 849 771
203 111 667
413 51 741
471 286 860
482 1005 544
221 37 535
1016 506 213
959 804 528
13 892 466
596 689 571
271 608 564
44 408 979
550 955 60
448 34 309
963 254 269
148 79 891
579 605 694
541 172 999
87 912 1010
991 332 929
898 884 81
365 545 789
890 425 379
71 134 134
51 704 54
874 7 278
415 702 688
865 940 167
179 213 594
312 744 652
810 696 1012
710 428 309
851 473 194
476 386 291
192 384 127
999 712 800
366 622 186
785 624 348
880 54 401
868 731 441
103 781 822
240 933 748
705 764 640
210 993 591
1009 792 331
253 483 508
321 79 149
777 686 409
849 704 515
27 811 540
775 199 642
373 668 566
203 639 81
661 421 61
839 367 999
692 118 401
538 677 78
817 423 548
105 827 260
151 346 471
808 194 498
169 432 716
478 792 759
889 731 741
362 795 590
922 283 863
902 814 377
163 98 406
814 338 917
260 951 193
873 833 677
410 436 455
599 706 981
913 755 273
383 339 917
122 867 50
414 566 237
890 31 754
733 647 768
95 788 186
444 716 339
925 809 311
230 827 884
915 757 326
178 836 759
38 970 284
749 109 285
751 951 202
591 159 85
720 407 1008
47 860 199
38 621 688
808 916 591
338 377 872
906 334 95
903 217 540
880 1019 532
384 448 382
134 193 34
265 766 311
594 495 700
141 474 843
895 638 92
795 710 719
791 1022 800
337 759 155
750 999 54
835 547 563
875 673 265
487 196 899
280 671 665
755 701 390
1023 610 499
725 967 978
467 37 622
653 395 378
696 257 802
39 700 337
157 108 588
3 979 771
744 304 871
86 374 441
175 222 890
407 728 148
250 740 1002
903 93 245
242 105 441
239 760 492
263 903 53
836 46 8
806 962 122
124 549 575
728 196 403
34 562 1024
770 423 557
754 404 595
714 147 317
808 365 144
278 649 398
573 254 20
584 276 902
937 574 47
128 484 998
964 267 427
387 203 609
14 479 305
371 373 53
788 575 547
174 371 1022
788 87 893
163 83 341
861 488 268
942 192 777
870 880 204
179 273 527
256 874 544
843 567 336
57 887 827
721 11 697
492 162 577
474 444 724
723 759 160
230 309 736
661 55 811
360 193 550
561 397 602
1002 635 903
167 15 610
50 980 538
452 470 630
167 803 820
806 784 714
530 984 655
989 358 924
863 683 88
556 272 392
974 722 204
241 19 550
627 734 644
209 454 236
196 735 259
635 352 167
396 962 706
855 865 398
721 198 366
499 315 750
638 438 259
481 720 64
368 989 913
813 81 800
1000 30 774
939 897 206
751 816 185
113 964 1024
811 800 310
154 881 854
766 277 689
880 102 766
519 27 999
24 945 450
911 595 488
806 942 292
553 444 617
679 903 984
713 406 613
300 45 571
878 35 619
128 58 423
266 201 522
475 226 741
917 152 302
426 731 31
770 388 470
381 49 275
875 159 119
437 409 798
96 286 620
526 878 459
781 318 75
808 775 683
284 130 420
984 252 828
679 38 394
754 311 741
614 190 910
909 296 61
709 216 876
560 596 364
176 886 1018
40 535 816
209 630 385
261 350 1007
704 844 953
651 598 888
202 416 648
966 507 819
668 638 281
142 5 952
598 179 865
317 305 874
369 252 537
511 869 336
372 117 429
44 680 597
388 387 867
338 846 42
494 15 848
216 7 386
130 740 387
709 533 86
619 786 787
9 885 807
169 806 64
819 40 278
431 275 517
520 266 895
34 169 983
342 207 903
388 662 294
415 755 615
614 990 338
338 320 774
304 518 113
211 125 528
387 109 343
984 509 592
850 725 187
248 975 67
325 243 577
390 94 388
946 271 789
396 328 902
884 685 825
206 381 263
225 971 389
339 19 845
239 582 98
542 345 228
835 378 187
67 605 120
837 75 26
440 221 994
90 724 278
199 549 841
385 491 746
348 632 797
355 59 202
262 925 331
391 680 584
484 58 23
632 826 99
349 936 930
756 578 81
796 436 588
572 844 780
775 228 671
210 249 616
634 364 385
727 81 413
182 893 604
1001 481 214
677 645 352
279 103 892
127 305 90
379 348 334
862 35 574
539 196 892
602 326 514
700 378 37
538 718 366
729 56 616
490 729 699
1018 795 955
332 688 252
231 682 577
275 803 267
287 277 84
260 552 918
137 343 143
283 365 30
220 15 329
651 338 528
869 426 750
598 610 415
277 632 448
679 190 498
368 639 94
680 32 687
482 582 616
144 811 361
339 648 562
16 558 313
587 156 801
449 323 945
310 855 663
56 402 216
169 443 55
296 765 47
630 106 383
314 729 822
895 580 279
404 246 663
108 513 399
380 924 997
968 981 458
466 60 151
772 149 607
378 261 631
875 488 329
897 950 680
497 534 888
1023 401 852
469 748 258
559 587 889
340 138 128
178 832 102
141 37 141
354 981 407
194 1005 635
694 240 757
515 570 389
689 940 848
437 220 692
1011 391 362
382 229 569
597 2 277
455 591 618
676 926 406
331 811 906
200 299 175
937 506 329
568 980 315
987 139 868
404 962 893
605 649 825
147 174 117
767 46 825
86 558 599
304 780 1016
1006 947 505
48 1020 339
56 9 790
1021 434 341
728 117 899
683 398 843
300 441 582
473 532 199
231 673 942
639 556 515
125 347 131
308 402 937
857 442 183
929 119 80
249 131 480
167 23 459
508 619 616
555 751 536
226 543 687
762 651 568
964 50 133
54 380 992
939 750 1008
720 432 700
420 674 676
447 29 499
658 621 847
17 959 456
237 637 343
752 872 332
643 776 846
123 211 234
70 359 772
473 96 245
190 745 880
930 367 1022
497 317 211
516 61 559
147 681 317
293 71 542
178 42 350
342 331 850
380 835 325
1020 116 163
1017 1011 540
401 204 903
765 949 844
303 914 137
618 217 643
630 887 623
59 358 664
405 653 1015
258 88 514
393 162 550
920 589 556
222 236 703
156 793 992
607 764 752
707 651 925
1007 230 793
260 297 794
42 487 639
840 57 604
965 789 454
796 45 201
873 781 8
643 921 839
148 81 584
503 63 957
367 470 474
27 462 508
18 221 571
1016 627 137
997 892 448
180 158 305
215 172 860
1004 27 378
393 546 913
304 864 479
247 819 710
816 795 826
462 640 162
731 447 1022
863 636 522
522 986 442
884 942 290
470 505 648
751 963 690
721 885 575
676 194 452
309 1017 903
434 587 792
405 593 22
253 994 908
995 380 155
659 292 257
47 551 1019
962 422 549
759 305 513
494 297 335
979 406 512
925 571 990
83 14 210
654 570 291
495 935 72
327 727 288
887 16 876
779 190 837
695 291 984
303 740 199
407 731 994
419 965 975
429 639 406
326 467 822
747 620 711
278 392 135
815 476 852
535 672 253
904 184 817
845 530 435
438 199 928
558 987 739
891 1008 907
624 973 185
460 539 377
413 377 436
380 102 202
982 484 686
740 498 169
129 631 248
609 879 647
575 18 865
910 701 101
558 23 770
863 674 1
496 117 689
880 1016 316
297 867 773
460 540 29
565 37 652
917 194 556
603 625 509
414 540 195
815 45 363
880 427 475
264 696 115
49 5 1012
812 868 289
176 895 352
842 370 233
521 223 179
473 441 499
126 765 192
380 561 740
284 75 506
329 736 777
1017 471 671
270 227 745
791 548 217
328 251 1001
827 227 722
146 988 97
825 283 349
1019 676 479
67 523 196
763 491 6
1004 592 988
342 693 287
300 386 820
479 667 881
99 445 407
24 731 973
906 5 790
39 512 35
794 975 588
263 852 628
908 6 261
968 562 159
664 182 672
14 416 910
53 295 337
184 946 399
215 487 874
266 313 737
518 690 245
358 251 688
725 163 843
127 992 1015
695 556 240
565 360 778
559 534 200
960 47 447
437 30 777
219 467 210
132 228 296
543 608 52
774 766 568
308 289 125
31 960 575
110 104 618
921 416 12
679 957 107
363 124 511
232 436 206
713 913 437
997 126 501
789 813 480
740 896 464
957 571 481
465 652 105
507 21 357
546 812 940
179 866 262
647 681 86
651 112 845
453 606 554
320 151 394
236 339 616
228 351 676
952 184 366
414 717 921
111 1012 779
790 681 422
952 756 42
776 322 817
801 824 319
425 81 862
80 952 46
882 680 30
1018 312 510
354 923 953
357 601 173
541 6 593
427 714 0
993 123 195
720 783 55
906 737 571
581 64 75
712 749 108
605 60 656
410 891 871
225 274 447
252 446 687
484 115 1007
182 755 54
879 476 502
381 503 361
706 735 180
334 553 776
461 420 934
201 392 360
791 493 653
703 984 195
626 204 319
516 992 87
736 974 137
883 930 119
431 997 960
787 901 890
728 627 726
547 699 670
154 383 127
984 831 78
767 240 465
987 156 13
208 439 486
658 998 698
491 2 924
536 904 251
440 1019 345
519 709 657
136 491 1022
916 982 163
413 949 431
82 196 421
865 316 668
343 182 805
452 920 226
849 293 216
