1024 8192
847 287 314
482 557 604
992 61 928
879 479 195
199 873 954
577 673 209
95 118 360
344 220 855
295 358 100
701 824 318
604 158 904
830 544 37
600 476 480
747 603 934
284 1 37
605 542 167
717 1006 456
905 959 199
515 744 996
527 14 826
648 808 813
11 361 349
624 158 133
188 790 707
992 968 285
756 193 418
717 971 627
427 875 599
548 812 460
46 805 473
892 324 394
56 559 434
753 966 591
372 864 82
313 358 63
925 653 654
694 344 485
130 293 984
253 20 477
834 483 722
789 84 372
600 462 746
518 350 964
406 167 925
1005 960 196
762 263 11
140 32 284
54 31 954
6 168 979
898 1013 548
724 208 181
16 586 643
791 558 736
333 269 988
761 908 572
551 176 83
66 382 773
555 181 805
264 481 732
365 449 708
732 579 394
586 348 925
202 752 123
405 219 595
553 533 838
716 252 784
41 74 335
582 408 213
300 745 143
407 881 791
678 682 285
28 406 448
420 1003 405
863 446 172
1000 653 188
772 662 129
778 746 643
653 459 108
536 822 504
532 678 862
576 1018 125
608 845 426
519 114 730
151 474 276
588 119 132
179 371 463
320 759 4
901 794 240
461 228 644
401 1021 785
621 278 932
365 539 316
682 545 908
67 447 885
378 972 459
693 492 837
949 671 50
446 445 350
434 428 500
173 488 303
632 383 758
411 594 351
1014 88 709
627 3 549
464 328 750
594 69 472
444 535 406
398 368 805
562 405 458
763 6 273
59 492 436
148 716 732
198 511 854
182 871 572
1003 853 856
566 517 796
837 18 404
193 492 462
57 845 624
426 254 723
548 802 401
161 730 524
808 302 373
550 49 384
559 951 749
326 1004 419
914 820 498
182 844 242
113 889 27
803 841 114
668 758 430
653 591 114
159 484 743
518 886 473
138 418 471
860 25 350
1014 201 89
444 809 841
964 753 860
544 588 1019
751 511 475
631 354 739
442 439 190
136 837 808
982 554 486
768 726 427
969 527 759
197 763 654
363 156 772
729 962 452
602 708 414
492 167 24
261 461 219
529 681 125
988 473 196
253 570 245
89 562 624
257 206 183
527 860 575
840 925 386
271 64 788
945 542 933
735 394 570
242 310 530
677 318 412
946 173 407
816 862 319
776 530 64
863 338 936
383 228 957
1004 96 954
117 139 67
34 55 866
176 30 617
418 87 429
475 21 927
122 911 925
234 501 112
665 395 687
521 779 410
338 929 443
829 819 431
75 214 325
42 106 359
508 33 798
248 740 985
909 855 331
275 539 48
89 312 342
767 87 53
1 399 840
185 755 409
543 970 461
997 767 596
557 861 151
956 460 114
931 929 260
486 721 324
429 203 968
18 462 155
741 30 966
1011 867 925
536 641 332
584 491 456
576 544 610
752 222 307
887 341 501
877 612 251
392 662 335
341 80 126
728 733 758
170 653 822
324 973 870
847 547 23
998 298 150
936 153 964
158 877 692
496 278 471
4 406 793
273 951 930
571 631 321
480 36 142
684 683 255
174 865 904
827 447 201
84 493 256
234 1007 911
580 518 125
901 860 807
511 823 218
909 164 262
511 186 250
263 854 666
945 419 77
668 860 633
869 670 648
762 199 130
137 1 677
568 220 778
330 220 530
826 254 337
148 879 753
120 295 924
512 172 624
288 716 628
360 631 7
308 655 16
756 493 476
159 96 928
531 358 380
892 928 890
17 509 978
495 289 759
852 119 146
88 165 682
867 53 478
119 320 383
334 276 159
31 858 119
887 1017 236
335 809 715
550 432 528
573 830 913
170 937 758
940 938 1015
148 877 805
992 607 698
654 366 174
596 63 822
813 514 13
646 848 710
764 429 704
551 469 326
27 353 525
278 368 526
628 911 46
637 394 234
798 102 212
340 620 994
973 953 794
895 320 564
936 118 99
377 483 827
945 202 773
359 297 761
491 271 159
980 156 646
355 617 628
251 61 338
733 92 107
175 159 817
1023 713 291
204 364 77
183 422 143
797 556 160
573 829 900
239 987 501
880 716 1023
764 116 230
864 1003 445
861 220 210
352 9 112
544 534 79
785 62 657
213 945 599
584 256 750
888 709 23
875 93 282
953 47 441
798 694 800
13 913 661
40 469 543
77 268 399
177 307 361
1002 1014 332
529 381 378
344 878 867
230 950 377
755 0 560
140 611 266
773 879 38
925 1002 181
504 356 774
693 639 524
119 731 680
231 386 292
862 297 18
370 406 786
301 558 233
278 300 243
869 27 345
329 26 722
816 522 1007
21 529 404
561 730 899
153 204 544
429 497 120
298 601 197
412 899 703
619 759 251
951 996 430
51 85 919
841 226 849
850 816 854
396 1001 535
853 61 737
389 657 936
1016 280 163
707 689 967
901 734 421
236 151 229
618 325 313
209 536 267
467 928 126
288 468 915
403 528 1004
309 786 145
151 36 240
946 350 782
952 623 576
492 841 506
1 873 927
1008 547 922
996 107 509
172 552 511
261 568 112
1023 902 157
86 674 713
669 21 274
354 238 683
977 203 300
416 304 525
398 484 797
518 335 752
985 613 676
267 335 718
175 234 529
730 142 636
193 818 412
145 493 533
851 660 795
200 491 826
453 643 69
45 516 173
494 131 660
765 145 490
403 731 720
545 704 850
898 589 769
149 474 669
134 958 221
782 542 199
861 136 119
229 206 1013
763 259 459
6 550 110
655 51 941
646 847 519
777 206 826
599 422 516
331 447 909
742 921 282
429 1022 600
429 893 209
470 768 826
771 714 586
200 891 205
455 609 568
253 803 894
556 829 354
963 546 521
629 483 894
364 1014 650
265 664 827
211 236 938
502 580 251
194 1000 654
438 84 577
707 1 259
1004 90 792
309 478 942
432 310 832
475 489 362
372 546 183
488 1022 834
582 718 373
581 236 104
41 223 798
445 603 12
412 236 397
86 314 483
521 674 613
710 888 178
805 256 639
511 29 388
172 312 427
452 824 61
783 770 204
410 31 297
843 503 433
162 340 686
137 28 914
868 670 735
375 962 637
51 1017 697
786 990 918
129 275 264
954 700 353
1021 245 130
296 696 776
667 747 465
693 157 547
75 766 1000
542 200 660
651 113 473
355 787 249
925 627 630
44 755 177
454 693 410
32 168 485
262 674 758
350 525 887
829 554 998
679 655 51
5 658 952
168 447 234
0 716 120
648 225 1011
381 235 722
110 2 185
52 882 914
879 38 592
1014 522 764
682 665 230
278 807 808
422 905 518
95 364 574
50 29 348
890 136 129
50 329 938
607 959 221
401 561 449
500 135 158
1007 264 401
95 906 734
248 17 714
8 980 220
146 309 911
809 653 150
71 972 929
566 360 300
623 643 410
714 691 590
429 721 7
655 393 854
377 118 297
789 474 45
874 657 474
469 629 185
601 513 259
981 808 456
454 52 354
360 141 784
874 417 541
404 218 866
907 721 582
206 348 371
126 400 176
527 687 434
178 1001 865
606 360 1005
128 668 90
580 158 99
120 96 271
527 581 154
896 864 665
989 713 764
971 349 646
847 14 537
429 754 412
802 106 648
692 1010 228
599 713 672
742 160 270
348 422 959
195 418 471
169 507 269
42 677 998
625 414 644
749 255 217
734 199 206
1001 499 572
288 101 338
627 432 945
744 721 544
104 647 775
388 592 318
967 601 38
307 392 572
797 971 113
850 775 27
716 790 234
849 468 206
264 888 716
870 868 186
763 221 443
437 644 85
227 890 784
294 68 219
654 712 772
180 201 319
627 458 275
754 592 523
673 254 532
552 3 753
77 719 118
385 929 796
264 971 59
700 578 558
351 322 181
444 751 365
408 442 288
139 980 927
854 439 259
316 501 867
198 563 300
901 12 285
108 211 708
733 307 857
58 973 52
242 184 661
939 485 230
651 110 1001
764 155 521
457 370 979
509 184 234
244 891 141
970 994 453
570 312 275
708 357 681
412 315 785
611 94 250
967 177 137
719 766 792
840 102 346
64 67 742
691 857 223
998 159 99
753 450 1005
937 972 496
640 775 907
987 785 855
899 23 810
197 300 432
304 848 121
297 240 701
101 76 580
752 383 551
75 402 338
515 661 643
335 94 265
366 972 82
312 966 131
582 679 86
347 317 746
755 127 941
483 118 453
970 238 363
330 617 7
644 491 651
562 487 939
239 499 628
915 288 389
978 305 830
968 127 392
277 526 817
607 496 294
249 489 60
269 56 785
793 123 556
60 144 546
309 570 500
349 25 33
418 405 773
102 42 538
876 636 154
740 410 33
831 537 114
130 156 334
579 882 908
520 789 258
671 395 759
988 246 697
535 433 767
184 471 740
340 870 224
315 706 215
142 215 856
504 741 339
933 626 877
528 310 512
801 927 28
461 367 827
37 827 996
755 203 234
437 389 481
858 660 792
251 93 922
675 918 726
768 592 324
885 398 315
709 905 62
1002 76 206
1008 312 998
498 312 610
580 506 413
302 520 957
832 968 491
629 722 265
796 452 974
1013 986 647
978 70 852
778 848 299
596 1000 647
314 304 459
907 103 628
736 909 404
320 202 761
828 140 840
871 323 85
732 174 401
109 501 355
326 576 471
861 975 249
854 145 571
956 394 265
361 1012 325
186 937 552
12 572 777
181 543 874
22 705 330
218 1015 715
913 16 1013
287 613 376
33 957 914
860 669 700
465 314 19
747 773 1004
207 427 222
418 717 113
364 360 498
415 766 497
589 817 80
679 942 913
431 622 1016
403 413 125
639 625 575
936 711 176
974 441 177
428 493 455
620 56 885
926 343 506
900 1017 981
850 518 336
992 263 160
846 226 887
236 938 454
696 820 405
333 377 403
923 938 171
369 230 830
634 567 600
630 501 736
550 651 582
112 726 515
187 336 814
965 80 259
592 58 465
268 411 837
183 296 31
315 714 500
755 81 782
839 731 903
534 73 865
829 172 183
359 833 453
296 454 859
922 960 802
400 194 286
694 604 398
314 299 808
844 227 684
306 261 442
772 966 269
469 883 310
529 434 770
593 4 892
503 661 924
630 889 147
112 894 520
728 545 916
980 767 589
174 775 191
954 791 771
317 630 577
667 205 709
243 433 717
261 177 495
871 901 47
663 584 594
45 390 506
789 947 413
907 394 659
863 129 69
744 874 833
329 842 873
509 671 966
465 652 68
165 340 665
184 442 364
581 20 381
676 594 104
598 227 277
143 3 708
113 337 352
934 130 990
543 987 70
273 401 531
86 470 936
937 428 452
332 142 900
452 476 656
908 927 767
339 741 518
221 452 619
494 722 347
683 584 243
758 380 379
654 873 460
984 477 955
18 583 1005
497 586 616
737 901 391
161 979 188
281 959 459
970 137 853
833 736 839
380 499 196
690 299 710
582 941 862
212 816 173
771 151 173
500 680 19
1002 945 34
548 282 779
921 426 523
220 440 110
492 737 835
147 469 787
919 1005 37
735 892 2
962 861 961
854 787 572
848 340 65
155 623 86
647 492 474
396 610 747
923 301 456
616 201 837
119 81 367
767 111 556
573 368 852
232 380 575
776 840 757
799 337 626
480 628 792
869 629 958
299 642 594
364 840 90
452 530 697
1009 133 883
890 101 318
27 46 132
745 415 647
85 484 430
371 777 305
612 927 682
992 46 410
74 535 933
615 16 623
270 624 625
174 830 900
64 913 265
275 770 375
488 791 477
246 662 170
348 452 331
37 337 820
222 267 850
386 397 254
804 324 138
691 414 395
366 139 221
805 187 21
678 778 750
849 612 485
186 245 779
328 941 494
814 37 244
99 281 604
936 613 37
458 121 801
327 431 402
304 865 163
322 948 576
253 306 315
708 803 26
86 660 1010
579 160 860
476 803 394
306 130 273
627 1009 130
874 16 147
51 709 837
525 999 619
874 869 296
517 470 360
344 869 405
684 542 147
269 783 1019
813 683 787
671 626 893
191 686 53
742 614 652
48 9 850
815 777 162
287 337 911
457 1021 922
443 448 503
29 551 278
660 106 337
23 319 126
289 270 368
775 219 943
609 110 190
269 808 884
680 847 753
580 970 122
409 745 600
812 905 396
42 320 577
364 655 95
74 144 234
876 590 587
631 919 256
560 417 927
259 2 226
586 654 911
114 387 666
85 992 494
450 973 618
339 550 292
989 967 163
891 948 503
277 607 323
624 556 908
372 223 338
436 1006 105
918 979 1017
333 748 409
415 241 726
978 564 534
656 188 500
211 749 101
617 571 1018
346 917 672
808 636 663
965 36 70
51 211 890
183 759 625
877 553 218
893 448 934
298 119 339
276 55 558
643 88 312
904 625 392
6 352 510
224 164 544
216 476 819
419 860 246
401 327 361
164 178 256
124 649 225
577 984 737
175 718 172
426 991 445
207 732 816
720 263 528
286 681 777
406 963 765
47 929 341
802 865 347
18 612 494
622 85 283
93 367 222
215 949 508
901 496 111
913 373 61
855 136 387
606 542 66
894 733 222
379 623 260
670 671 566
59 903 251
77 520 15
1007 988 419
377 391 899
802 723 47
718 612 539
56 513 740
260 476 97
845 763 399
490 968 576
713 582 84
84 6 676
594 580 676
448 418 699
903 530 1019
248 884 136
319 650 773
651 69 821
391 589 755
291 429 280
872 920 232
712 568 822
700 23 780
280 1009 148
764 226 155
886 68 855
1008 736 883
230 693 545
471 460 19
762 367 1006
336 148 677
759 901 284
516 138 254
1007 243 108
37 696 106
769 558 879
0 257 352
70 419 27
159 593 848
821 320 896
784 222 547
607 561 450
766 965 773
31 958 543
105 550 481
570 537 723
985 138 529
183 926 336
757 128 666
284 726 840
687 677 973
427 688 793
348 578 23
434 950 233
329 550 927
315 604 759
600 659 674
57 16 78
869 609 383
128 981 755
213 244 875
747 163 737
620 901 381
245 964 819
504 902 326
993 444 899
671 244 974
180 743 704
503 115 694
719 14 811
391 354 630
645 389 245
487 224 789
488 742 573
56 926 980
749 519 543
423 665 637
893 251 340
335 470 303
98 734 635
140 462 94
85 218 68
314 557 184
629 883 963
999 31 721
428 698 953
6 277 41
610 202 313
265 347 267
277 666 101
323 120 33
682 20 727
905 600 153
0 822 209
335 79 935
327 345 109
619 572 718
603 839 722
520 811 360
870 596 612
611 642 695
702 477 575
680 433 876
7 979 200
766 625 28
550 466 511
866 400 419
265 43 61
104 729 512
883 75 918
934 128 957
351 434 573
563 293 420
243 380 795
829 773 570
632 984 334
1015 926 581
55 974 216
207 848 389
200 489 567
919 325 788
728 674 427
588 87 930
231 835 57
209 400 411
371 297 319
507 980 810
614 422 432
323 533 415
896 857 867
551 906 490
344 461 688
334 919 291
905 1012 856
497 720 282
826 650 837
761 432 915
449 974 151
54 872 648
647 594 253
969 946 818
107 735 621
478 324 354
785 857 419
357 125 146
646 588 1024
186 379 14
130 955 821
460 796 1022
363 330 802
597 293 577
961 191 614
83 183 942
214 617 282
825 1001 583
189 524 37
313 192 124
353 643 987
860 516 700
512 510 812
766 964 206
651 926 250
960 846 412
613 481 943
861 60 417
322 259 744
873 306 669
964 40 391
722 996 465
950 439 492
908 207 449
568 285 88
322 49 508
836 901 355
659 365 570
231 763 630
565 524 345
180 994 394
1017 311 201
84 404 54
498 833 10
692 968 894
151 867 471
529 810 659
75 922 135
736 547 203
665 643 941
558 92 998
409 832 246
1021 161 978
829 528 186
994 415 344
1020 337 414
359 114 64
566 414 769
880 547 488
423 835 271
186 642 577
451 498 816
972 475 524
970 125 66
396 123 784
167 340 661
14 469 181
485 700 771
294 985 549
780 541 784
506 223 295
406 951 701
424 409 872
251 44 877
607 723 949
619 1023 268
733 612 689
731 331 862
644 402 89
271 829 6
876 673 31
385 566 803
137 635 606
835 506 699
84 281 499
330 239 965
920 241 156
965 1002 1002
771 527 20
291 111 421
335 258 931
736 714 554
1022 645 810
45 9 203
495 824 772
478 800 944
896 836 795
627 500 154
192 554 122
144 733 572
100 735 316
611 629 751
251 446 593
373 620 422
161 387 346
303 262 889
321 1022 1017
658 912 361
1016 252 156
539 822 837
553 869 901
538 560 995
653 100 748
583 43 62
749 920 829
175 918 632
434 735 442
329 386 73
589 744 179
904 179 702
141 939 862
726 460 501
204 827 774
153 538 244
949 619 285
809 1019 564
378 246 236
166 715 269
867 870 87
197 338 522
878 960 169
132 220 668
419 437 827
774 53 765
177 1021 185
491 36 647
477 817 929
780 302 80
453 776 581
934 630 565
1004 585 321
15 710 838
77 779 744
214 993 54
590 216 969
323 446 163
59 190 630
948 220 197
668 585 838
917 551 136
856 1007 642
763 774 889
183 222 588
142 202 490
46 254 286
541 797 896
542 883 225
125 282 789
756 449 422
945 371 840
399 837 1005
501 225 348
724 736 903
696 800 737
503 560 913
172 827 341
103 595 873
113 573 505
243 351 624
270 6 720
856 558 164
267 311 75
660 196 351
194 875 455
208 651 397
619 234 366
718 414 781
905 330 253
304 661 667
666 1014 34
233 850 945
485 707 286
327 949 391
452 371 210
560 92 524
692 953 741
669 880 936
264 761 900
295 205 993
580 935 462
497 170 526
498 250 337
190 714 915
592 475 84
722 986 783
658 525 466
894 53 321
499 10 857
424 676 749
1002 652 10
414 614 192
166 458 628
837 918 970
254 729 432
342 998 663
638 5 357
1008 98 410
695 449 690
208 65 270
409 929 524
159 539 403
97 821 452
525 931 865
710 126 947
341 945 964
592 151 232
161 362 250
365 39 837
422 38 584
173 595 326
968 108 84
663 89 706
46 274 988
122 725 496
434 16 773
496 333 951
988 243 537
571 178 730
443 109 1010
858 52 614
680 753 547
86 162 808
184 558 552
950 622 377
236 698 350
687 621 249
186 299 417
515 115 872
449 805 917
590 767 514
197 339 867
163 712 928
519 520 25
1020 198 16
610 502 135
541 37 633
251 412 105
931 711 427
779 281 564
787 799 403
653 784 487
564 383 348
970 383 822
941 762 752
644 490 316
770 300 745
466 552 862
321 149 399
957 426 796
279 34 358
358 363 612
232 360 3
51 617 786
399 118 451
342 416 728
243 187 65
1006 868 1015
1013 692 346
545 320 83
973 217 921
202 632 161
62 66 397
1017 494 545
111 491 845
499 541 608
26 695 597
293 116 320
88 703 344
147 306 879
721 679 594
1003 424 982
435 70 838
8 412 181
299 607 722
282 263 459
823 723 633
760 771 379
1 904 1024
326 88 178
234 552 70
318 647 309
291 1002 774
962 361 463
796 466 892
169 225 258
129 165 341
150 868 897
455 996 468
319 469 283
138 504 994
121 520 185
71 205 807
144 915 435
580 436 431
302 902 900
207 233 125
73 1 296
391 874 717
214 1001 769
865 427 127
23 793 1020
400 738 686
394 635 537
1004 576 205
29 435 64
582 905 140
569 561 114
294 444 937
822 626 217
82 100 895
340 779 78
50 355 365
107 423 118
305 679 776
786 493 888
628 325 694
687 57 886
866 193 346
218 535 606
870 828 182
377 714 807
680 365 583
1 262 719
666 278 143
601 464 208
89 19 556
711 45 722
665 136 743
953 690 441
710 703 138
673 256 599
496 677 952
827 990 366
251 411 955
1013 995 550
967 716 738
338 496 864
489 829 376
23 486 329
176 104 387
587 174 140
1023 287 340
9 401 454
684 536 863
190 58 905
882 407 926
390 768 49
239 865 451
645 183 805
828 781 418
981 643 57
513 324 799
530 869 548
144 44 53
37 306 410
267 434 609
262 276 117
527 867 328
406 445 877
283 85 154
304 377 226
306 616 913
992 88 745
325 137 337
192 56 118
724 207 969
748 794 337
306 293 259
263 613 445
416 404 719
991 537 4
806 299 870
368 127 957
448 1022 849
983 1009 313
103 800 515
309 264 791
547 423 877
889 9 139
980 356 215
932 121 333
195 44 960
925 511 835
367 126 203
851 58 188
976 848 892
301 876 51
720 190 170
326 114 46
612 355 18
92 991 778
314 72 971
288 95 337
760 599 90
134 1018 497
8 586 115
944 707 272
368 632 703
669 420 939
139 502 971
532 784 208
196 866 870
759 722 734
202 978 1007
58 670 854
636 835 890
470 272 375
682 205 822
795 289 237
385 664 518
852 644 195
588 9 36
393 336 577
919 556 268
276 968 726
476 234 621
586 87 81
247 399 209
877 955 859
561 492 886
803 579 718
542 798 56
62 127 146
68 610 866
156 239 168
624 773 413
56 967 1019
508 853 687
855 24 176
267 672 335
668 854 939
773 100 834
5 774 291
482 1016 856
97 646 790
892 970 217
805 807 441
893 778 444
720 970 814
848 984 507
766 744 898
800 8 122
667 235 537
645 786 96
987 920 824
734 590 113
461 730 594
296 249 468
173 92 850
379 326 37
693 817 1001
150 887 484
490 85 806
843 260 177
452 537 577
453 459 14
33 591 470
515 930 173
791 594 73
950 997 233
287 605 903
359 541 853
772 519 769
657 2 845
393 309 975
72 4 94
433 418 378
295 980 494
740 782 317
666 229 458
255 621 500
764 987 525
709 205 889
866 658 309
217 705 560
177 803 117
910 674 369
405 878 468
475 815 651
15 471 656
186 69 228
719 888 960
17 680 515
116 191 24
640 875 611
457 385 118
624 83 128
91 939 452
627 94 296
974 513 450
463 567 840
742 170 616
774 776 376
241 171 919
526 966 217
838 414 591
776 838 873
442 329 285
837 156 336
441 197 442
847 158 101
339 878 750
828 525 708
775 574 558
686 538 884
906 373 973
5 822 858
648 964 878
369 462 485
63 947 284
290 856 176
884 723 847
508 237 569
230 525 756
594 902 212
268 570 645
768 970 835
140 412 792
588 615 38
948 280 973
456 771 664
519 78 584
69 496 656
675 48 731
904 162 315
815 127 652
126 979 32
683 766 405
734 786 938
278 913 633
2 248 199
763 653 611
72 842 718
380 359 804
414 676 430
22 906 387
397 825 567
699 849 456
793 130 718
150 926 575
337 694 810
986 737 388
854 550 419
750 884 375
260 291 226
351 499 390
850 384 366
1005 274 593
984 181 1002
183 324 154
137 458 379
856 237 879
29 483 528
746 779 510
532 728 328
818 879 188
99 852 628
155 375 373
871 666 648
3 268 174
964 741 686
74 554 222
850 39 430
423 974 412
475 296 786
545 669 485
873 879 882
275 276 913
159 591 48
554 509 473
991 454 499
550 491 525
682 180 224
203 6 806
603 278 187
585 828 173
941 606 449
971 245 14
454 686 398
1015 791 520
683 946 369
764 696 648
719 113 587
17 241 978
795 715 1002
0 47 932
678 869 862
798 12 569
733 737 224
685 42 593
766 860 97
601 208 844
86 189 882
325 760 547
938 255 753
458 456 199
907 78 285
374 721 169
113 389 330
132 891 76
482 7 181
922 452 502
116 562 736
46 250 147
599 28 223
988 564 187
453 40 679
168 367 310
150 697 478
779 814 36
722 612 608
1022 121 407
340 585 438
179 979 39
125 568 713
826 534 157
262 104 176
628 177 144
756 726 798
11 192 860
824 923 429
112 82 610
390 291 163
252 928 185
826 110 56
481 502 390
453 77 961
692 283 726
246 771 979
285 873 192
981 559 698
89 241 806
125 339 475
975 314 945
928 546 462
332 466 271
828 255 693
280 907 499
350 153 597
466 262 899
808 902 194
562 20 753
894 995 528
118 982 762
458 852 320
734 315 675
322 502 591
620 829 816
738 840 80
985 281 349
813 988 127
462 33 186
29 223 409
877 203 463
297 282 370
863 833 528
533 436 831
860 644 558
162 498 343
285 35 1004
460 41 251
542 1010 735
171 464 944
278 349 509
607 866 883
218 23 960
900 14 288
507 648 272
541 183 565
93 582 614
925 381 121
552 974 983
38 162 37
237 715 292
196 352 183
961 109 741
51 405 552
219 230 56
981 306 291
605 123 307
340 371 165
160 129 701
1008 436 257
723 1016 726
732 11 611
74 828 66
384 55 784
343 326 856
412 256 623
953 848 82
504 477 816
379 983 431
139 72 390
640 739 842
184 839 942
701 592 22
936 859 299
358 440 288
86 538 548
830 858 960
957 458 936
437 952 519
588 102 643
499 329 22
436 759 79
996 929 355
846 975 547
706 19 165
347 825 140
389 322 24
361 490 392
891 100 487
544 968 887
849 1008 337
758 399 589
206 591 115
976 173 691
553 54 766
399 895 846
251 490 84
397 614 954
459 4 701
891 30 601
766 969 731
972 574 139
700 231 410
869 14 506
0 123 870
78 288 545
314 604 792
652 793 753
878 57 485
6 359 120
1005 901 959
871 165 668
966 876 116
565 749 209
991 575 524
267 897 269
885 393 336
472 412 461
741 853 676
152 858 514
45 1001 690
554 137 466
226 262 644
175 743 66
239 331 931
906 564 211
87 771 997
475 744 983
686 112 956
455 356 97
150 275 932
1011 195 488
794 537 748
872 671 350
362 1022 352
231 137 175
911 128 993
607 157 554
653 845 802
496 118 493
439 255 37
281 1022 38
398 218 261
664 671 875
495 1018 922
990 376 396
892 749 959
313 640 7
973 38 426
516 577 228
214 779 560
640 449 394
520 58 496
55 378 723
988 969 963
1016 598 754
442 866 426
175 556 611
551 834 999
352 172 370
513 774 529
392 80 638
416 278 400
607 940 413
615 96 238
122 554 485
571 593 170
267 362 748
836 803 1005
689 526 396
690 239 124
66 625 612
93 542 474
98 784 206
130 970 1018
966 922 958
709 11 104
67 207 209
153 906 636
946 481 323
355 721 246
281 149 1007
1018 533 350
957 199 100
9 331 995
665 642 760
988 421 158
534 748 333
485 78 549
728 964 83
598 689 588
120 565 147
489 695 624
89 632 1003
926 987 758
96 765 663
989 476 967
32 143 630
725 842 878
1006 907 927
275 397 1002
329 710 124
367 744 40
25 750 200
833 236 279
638 881 401
140 594 233
529 72 958
784 362 21
510 203 220
229 64 832
692 527 72
419 550 318
611 200 1
833 941 671
840 209 27
331 882 32
512 534 164
955 230 229
592 956 437
554 351 670
630 612 457
387 974 936
767 630 286
138 549 733
871 875 47
876 541 528
412 121 803
779 951 68
821 206 370
443 771 211
130 621 480
829 534 730
898 933 477
256 778 318
444 143 515
532 96 206
709 907 635
848 222 677
324 24 772
613 189 695
129 869 652
317 663 562
685 708 19
748 162 953
527 636 644
408 495 345
846 628 289
377 784 698
974 557 163
453 746 97
1013 824 165
877 576 500
301 316 1012
850 863 723
534 467 403
880 728 366
574 600 108
736 119 667
14 606 18
254 29 618
2 598 443
900 204 218
590 600 564
522 192 436
58 536 76
145 246 434
259 689 579
146 261 382
679 1015 617
203 460 166
613 1010 266
646 755 468
521 955 421
444 913 698
820 834 902
332 205 487
468 811 184
108 748 969
839 791 488
877 107 998
252 111 479
742 214 253
498 706 378
780 540 408
428 94 908
783 739 364
732 398 743
324 602 94
388 534 482
562 982 758
543 973 8
74 287 421
619 618 295
650 539 236
683 613 376
668 747 248
217 129 61
102 1007 969
817 126 171
478 337 312
738 944 680
572 77 703
500 423 705
364 557 217
220 160 113
604 343 262
465 912 715
746 368 310
679 536 833
864 840 540
841 951 627
782 304 126
930 236 122
827 331 915
27 647 472
327 248 635
187 808 761
864 847 683
496 741 4
783 995 967
446 878 674
660 871 779
940 476 756
641 605 800
497 673 25
44 182 546
493 244 293
476 625 823
134 658 162
752 664 126
171 403 210
160 452 524
392 84 243
1013 583 640
875 73 528
95 522 498
297 823 535
886 220 111
518 723 840
57 618 543
582 54 117
27 815 546
655 62 557
788 462 248
595 811 987
277 893 1021
643 310 265
519 283 59
179 723 44
230 246 434
30 792 447
306 810 470
370 916 156
696 146 468
642 466 967
352 547 259
801 367 798
356 637 505
926 863 134
333 661 965
570 474 445
3 645 360
801 851 456
119 43 783
214 573 676
475 867 325
1006 70 664
514 119 940
770 947 653
612 969 441
127 215 68
417 740 67
702 876 763
597 593 741
481 422 279
458 483 229
52 890 838
986 220 990
644 407 837
680 398 705
921 849 78
302 781 490
186 367 304
248 810 559
774 934 689
617 620 198
842 89 730
15 865 285
143 802 95
858 848 446
523 592 417
356 595 933
898 886 641
786 34 273
656 606 902
599 852 515
362 116 3
493 927 17
995 464 660
449 320 327
427 531 336
90 766 920
763 96 910
297 87 657
303 965 784
297 355 716
710 861 470
550 513 361
656 196 86
28 962 62
107 918 919
968 754 167
8 659 37
712 584 242
219 228 662
583 726 555
481 470 698
948 255 893
92 161 496
313 414 444
989 775 21
288 610 957
428 474 382
214 310 308
418 619 613
823 493 118
195 753 849
919 22 1015
185 227 916
385 179 245
851 1023 818
166 222 985
382 343 545
744 557 208
2 167 117
400 1005 649
253 820 811
1016 136 114
841 704 26
360 310 876
1020 361 854
343 727 522
1 190 506
309 407 331
749 661 920
893 11 965
508 98 67
840 935 147
289 990 705
518 776 592
42 645 392
398 680 508
64 582 65
1005 613 555
769 941 186
589 887 858
974 324 325
886 769 570
666 245 681
1021 8 561
497 742 994
169 527 249
298 981 519
546 619 27
431 173 866
974 250 239
507 187 665
124 270 100
121 527 566
253 721 415
418 358 22
4 939 109
858 272 893
593 633 759
875 60 265
955 855 909
406 799 838
853 632 383
934 773 903
762 823 346
442 121 625
392 610 1019
529 404 784
890 209 394
609 536 470
739 234 897
579 26 336
297 972 534
793 19 834
937 873 587
714 276 253
16 662 905
812 276 673
378 729 264
263 280 537
62 986 959
992 634 115
158 807 327
763 556 186
543 821 833
251 967 536
721 995 641
200 335 111
14 878 123
912 570 253
837 55 647
476 860 360
505 829 887
930 975 1
766 1004 158
905 504 589
665 946 628
922 925 329
395 459 5
923 169 416
170 288 85
79 257 2
64 350 493
287 690 893
177 263 782
387 91 144
4 790 1004
16 508 987
974 385 107
622 551 739
657 596 883
913 148 644
295 683 637
992 228 275
704 41 263
155 828 294
348 295 188
937 688 367
958 661 947
630 873 173
363 1000 42
143 274 301
307 773 433
475 503 464
608 949 776
91 684 117
906 877 150
474 352 312
813 243 602
834 280 17
310 539 255
668 793 418
740 936 727
305 320 452
243 686 539
755 899 999
31 833 739
286 687 280
696 977 564
256 944 453
248 4 235
945 879 872
215 899 436
157 731 888
52 411 780
773 715 851
327 371 143
137 971 536
995 794 54
76 1005 564
145 1018 415
338 882 639
322 838 171
238 481 630
486 689 277
353 872 367
770 623 816
147 103 667
460 928 772
119 586 785
47 156 593
143 59 950
26 727 384
718 262 698
292 972 696
750 875 571
299 876 887
903 586 613
384 1018 941
468 34 527
851 869 968
298 694 563
671 844 777
248 296 767
269 763 791
374 946 286
108 917 3
477 729 944
717 54 451
580 801 847
655 735 563
388 466 111
263 549 362
847 944 433
724 246 548
594 199 12
911 516 535
56 956 418
708 967 266
307 883 317
896 841 362
817 785 257
549 474 435
179 121 483
882 960 930
212 660 154
211 195 577
256 122 175
466 471 339
568 652 318
16 159 32
575 672 657
282 262 318
928 51 425
509 273 884
107 296 729
365 1019 811
321 816 426
690 800 110
437 179 343
887 360 668
982 370 117
152 447 67
162 490 305
572 935 694
600 857 0
272 450 992
372 1010 45
888 652 340
1019 216 260
224 731 683
803 843 988
946 17 436
800 489 937
173 264 561
266 367 966
706 569 722
406 42 209
852 525 346
273 751 648
972 330 638
773 74 696
401 831 397
270 497 492
233 535 54
840 975 563
562 212 166
623 194 388
321 573 223
656 673 260
802 194 612
1018 804 1006
3 254 986
924 777 996
444 638 805
60 125 100
507 176 882
10 428 519
970 225 957
720 134 906
717 132 431
138 743 286
435 319 77
973 854 755
702 197 677
240 932 359
535 666 1003
525 146 379
222 34 996
679 14 351
37 708 169
553 825 190
764 946 855
890 784 123
80 91 587
942 577 245
92 978 567
278 874 883
335 423 757
164 548 397
206 366 508
60 639 404
360 295 642
469 948 841
602 558 647
1014 243 635
1020 550 467
768 582 111
375 450 840
333 113 546
66 440 726
673 217 174
735 475 730
600 156 92
129 78 174
617 580 719
381 241 62
12 443 492
833 905 39
952 411 866
419 47 822
759 110 812
49 226 694
928 726 618
736 292 157
561 333 837
513 881 441
651 588 720
4 107 180
232 100 386
818 81 116
758 864 53
354 766 499
122 569 409
1014 957 955
220 346 774
991 40 805
557 690 281
696 1015 226
58 199 30
815 145 418
155 107 584
131 922 424
554 324 294
183 684 842
489 378 633
200 331 942
562 347 417
266 230 872
193 747 672
758 326 878
440 130 85
511 256 41
126 825 192
448 406 365
774 41 97
912 736 834
266 65 198
700 409 524
438 409 222
221 966 882
796 191 509
407 423 606
758 491 320
1001 880 906
225 468 583
854 123 269
271 881 764
823 998 931
250 390 465
943 809 839
23 885 858
96 482 217
352 180 261
572 825 760
502 432 41
600 778 661
336 33 870
36 762 941
885 126 772
802 735 100
745 474 884
404 639 849
33 277 938
363 277 80
21 96 402
384 180 821
996 301 196
462 213 234
485 381 416
725 454 808
466 652 597
497 666 386
694 863 125
488 516 537
939 980 349
132 118 377
275 35 1014
128 849 708
808 744 350
845 770 676
460 1 985
397 568 5
74 157 445
733 920 314
61 276 879
330 682 996
2 604 859
164 589 186
411 69 133
532 377 391
31 297 325
581 629 373
669 58 221
455 861 477
325 613 804
57 699 730
729 362 322
482 319 803
669 343 625
432 667 538
797 998 271
700 916 739
355 804 611
847 19 335
275 812 31
346 872 975
609 47 26
517 776 155
276 979 691
175 813 232
965 667 678
742 437 333
634 62 446
509 991 390
726 62 187
240 652 2
728 214 262
156 866 273
425 580 26
1023 221 693
682 693 511
323 874 636
836 231 522
957 611 396
944 83 470
682 417 853
88 424 924
282 890 1014
1019 974 326
812 436 69
854 677 757
563 915 452
681 90 328
23 591 398
163 831 300
247 39 884
807 525 308
255 2 233
479 319 565
783 11 130
112 736 530
697 550 466
616 852 596
367 493 179
736 612 320
567 827 891
162 835 8
949 999 536
466 768 7
910 735 734
751 387 241
656 306 940
152 130 995
94 827 585
254 64 813
103 685 997
219 191 46
446 415 894
730 802 689
607 329 556
158 353 873
297 194 792
510 914 417
471 481 1012
693 31 143
685 913 495
298 926 144
359 222 171
918 300 906
50 533 474
90 684 518
812 756 40
865 157 447
832 659 627
133 113 155
202 189 756
230 576 29
929 901 617
429 631 959
461 157 158
523 338 227
742 252 935
919 755 135
873 169 759
591 11 623
439 67 128
265 790 82
232 49 957
923 30 532
672 170 669
724 502 564
885 1013 622
871 47 350
687 223 323
185 386 772
243 941 704
144 396 926
871 216 103
389 936 186
925 718 491
558 759 22
582 848 134
378 19 702
442 976 227
404 734 595
357 655 907
46 171 457
956 876 545
254 89 524
518 130 386
384 443 931
1009 31 31
316 58 366
261 306 259
610 520 425
434 559 980
605 213 498
1009 303 962
800 178 961
715 133 559
113 892 594
1021 722 290
567 475 425
209 595 380
425 541 732
848 979 329
473 862 619
800 982 515
627 820 264
215 994 766
449 776 262
726 316 137
948 531 603
115 560 382
754 307 114
130 113 125
650 739 484
971 7 522
888 115 207
399 720 724
537 459 960
975 340 248
163 313 183
557 76 442
462 595 37
559 582 749
543 590 819
296 635 489
896 443 660
538 342 488
886 909 607
313 477 115
294 254 134
478 45 79
162 497 478
31 61 301
730 277 847
534 662 212
567 373 461
581 543 448
225 288 434
480 244 764
253 673 637
461 98 714
12 278 558
942 245 396
894 626 370
844 523 982
407 890 960
306 354 667
1023 402 96
1019 938 365
475 467 822
79 384 566
652 433 506
569 311 172
973 290 219
609 475 137
947 301 863
883 24 17
211 924 226
486 469 842
237 513 112
188 78 742
152 88 422
33 86 248
837 1006 707
823 37 320
1008 529 315
193 939 380
116 112 539
241 217 35
757 824 76
807 85 762
979 461 892
717 798 275
610 465 28
138 934 187
729 882 827
757 552 404
134 744 297
904 920 186
124 1012 831
271 865 773
465 359 343
716 112 697
315 832 91
430 529 396
403 737 303
551 105 948
50 981 518
969 270 478
913 664 580
285 555 436
213 912 317
780 720 721
925 158 524
394 568 143
709 812 753
410 361 859
993 53 945
621 693 914
478 961 986
85 522 191
969 290 187
988 389 758
342 399 930
44 748 476
900 671 330
533 554 211
780 919 992
568 409 468
91 100 591
480 75 988
932 1007 50
323 525 902
598 498 817
602 840 861
112 290 387
721 25 431
469 188 750
1020 61 552
126 56 660
441 958 369
967 240 594
759 746 253
43 536 799
979 1000 77
585 212 698
138 374 989
417 496 353
657 499 774
787 349 340
274 77 43
984 750 276
4 170 751
437 320 902
73 316 691
22 586 690
156 123 865
860 281 696
818 830 988
790 346 878
877 634 148
148 336 461
772 191 173
715 786 481
279 249 420
87 556 496
566 57 63
427 284 945
154 807 721
700 790 933
248 772 851
158 946 487
984 377 87
534 885 245
284 762 686
817 818 629
179 404 313
668 159 655
797 59 998
694 55 516
348 384 855
203 875 481
969 134 745
771 677 930
126 560 798
853 641 652
107 135 812
603 378 12
345 505 515
599 750 710
449 810 644
473 186 42
693 305 991
202 986 179
586 949 387
238 333 853
641 688 852
616 280 897
669 581 770
690 369 974
273 997 654
584 299 534
54 720 650
2 474 314
560 809 925
39 875 583
853 684 850
254 750 599
620 765 133
229 91 1011
477 670 360
191 243 100
998 843 101
982 552 986
943 321 191
949 487 827
734 992 48
635 951 775
382 77 296
623 480 310
147 883 442
738 898 281
460 47 61
92 524 801
806 443 463
816 387 417
878 297 13
596 897 9
191 413 1000
236 300 513
781 504 111
25 238 482
964 1016 544
671 128 1016
725 87 433
991 917 504
315 694 292
500 47 613
537 896 988
902 928 77
223 299 779
785 495 895
611 891 493
117 495 598
166 801 978
699 15 476
600 613 527
841 112 756
649 520 703
996 551 41
828 562 596
628 495 391
513 176 508
91 819 861
719 152 594
882 863 450
335 208 725
301 816 935
284 120 627
938 595 399
749 657 432
665 505 710
572 399 633
130 241 657
515 712 260
100 570 472
627 50 806
873 605 501
447 673 310
145 72 271
416 939 73
905 383 69
769 690 134
447 899 935
654 764 960
412 551 48
164 435 943
614 548 384
479 178 1016
792 681 264
552 806 167
177 10 242
231 183 401
691 305 253
457 704 733
352 8 519
769 417 953
976 208 896
485 647 1016
861 879 522
605 86 122
557 664 878
610 998 529
705 480 416
0 606 524
584 232 834
102 43 689
118 579 178
336 242 768
610 348 699
519 735 550
576 210 113
502 970 449
862 169 667
1018 227 657
579 600 874
400 693 433
516 1014 915
412 199 892
504 1002 238
911 995 71
1007 498 26
754 59 836
314 868 1019
880 479 627
556 201 713
994 963 625
307 601 644
4 1008 482
93 924 950
132 116 358
358 202 986
299 901 671
952 643 884
582 326 343
750 831 909
594 889 752
378 849 530
227 450 536
364 861 989
622 361 35
103 250 853
946 389 319
508 442 24
631 498 206
1011 661 114
93 984 792
6 688 147
947 758 695
49 710 885
875 345 247
407 929 568
724 908 675
283 162 121
934 613 429
620 989 287
324 380 982
749 387 765
721 119 604
491 237 193
974 972 68
610 459 612
477 314 209
267 778 1005
640 390 679
339 564 5
726 845 95
185 828 447
168 336 38
253 795 141
1013 579 183
202 351 198
303 188 902
849 838 439
566 488 449
527 467 765
818 1004 764
164 320 478
518 227 295
806 905 315
686 911 792
295 837 258
530 325 708
296 571 526
666 743 414
368 858 1009
313 786 432
783 856 489
940 933 706
704 818 891
208 945 103
1009 959 104
31 816 493
110 943 383
424 451 244
905 184 1012
642 485 168
708 329 961
916 538 438
753 848 633
266 240 401
647 730 934
816 802 622
693 19 65
302 560 376
404 204 775
145 950 213
280 417 739
457 684 598
569 878 631
840 989 609
413 13 557
960 71 638
601 559 975
224 658 848
606 180 860
894 321 340
390 10 600
834 774 845
162 1003 490
883 988 384
740 750 83
554 820 737
875 624 255
907 313 215
111 482 561
780 45 271
521 839 725
572 144 320
870 481 286
344 469 258
597 673 581
634 943 720
891 887 215
371 695 384
37 357 1007
420 472 184
164 978 903
336 592 585
204 3 778
493 363 649
496 378 947
116 187 975
911 257 718
528 240 337
794 903 855
262 805 269
945 694 931
772 307 481
14 656 947
310 762 94
286 245 417
297 501 597
988 591 277
726 702 647
469 37 619
966 582 49
102 242 380
974 11 769
696 501 504
312 650 148
416 730 58
504 532 918
162 346 917
569 745 112
985 548 926
726 129 48
895 609 1015
762 181 744
32 662 222
137 767 18
907 50 561
433 661 495
884 591 293
515 351 347
592 217 226
482 379 809
25 147 383
157 375 621
942 777 264
220 890 848
1000 548 819
450 597 266
1002 623 923
150 542 181
320 454 267
802 736 1015
521 204 366
409 211 1000
692 717 329
940 949 575
322 701 236
793 95 60
223 46 631
119 795 260
827 671 997
141 970 260
961 625 540
622 32 278
900 125 841
600 519 93
103 191 652
587 906 949
162 858 391
190 983 156
462 577 415
93 815 143
835 656 77
473 817 298
708 572 949
673 220 457
175 786 866
949 43 1021
962 136 795
1000 798 4
232 183 125
871 998 746
357 598 57
397 1003 1024
688 819 928
227 701 578
293 470 960
562 386 702
127 863 704
847 244 670
272 830 549
927 653 587
425 783 708
104 498 441
223 224 519
297 988 923
177 615 19
17 489 500
337 260 307
1008 351 285
750 482 833
431 348 680
918 511 899
919 772 627
766 805 611
285 631 398
26 908 532
864 23 115
16 653 216
919 200 878
345 758 315
208 218 825
807 811 948
318 129 759
152 753 697
322 1005 549
956 120 514
778 935 586
961 398 1015
509 771 101
684 8 715
1008 784 229
406 286 311
606 187 658
640 708 391
236 460 458
389 636 239
406 88 93
978 1 1002
455 765 550
292 129 101
24 137 205
782 325 1018
560 114 465
885 100 775
283 668 338
536 976 190
748 898 317
14 560 352
652 123 718
281 198 157
293 616 427
952 257 11
397 738 15
923 898 16
301 764 613
918 723 710
105 136 541
616 137 344
737 626 224
191 368 809
712 522 319
948 720 27
431 542 751
175 367 675
543 285 648
64 303 494
626 287 917
79 495 424
218 771 23
698 508 343
146 42 255
763 698 604
124 780 665
734 48 385
424 196 661
418 745 1019
83 113 995
842 342 140
665 982 888
933 1014 415
827 680 932
695 596 211
96 931 300
580 902 608
553 76 419
754 205 906
132 31 189
96 523 291
29 453 234
660 584 753
907 88 205
616 814 811
656 760 397
385 216 585
194 254 527
669 545 465
819 124 723
401 491 364
286 172 502
456 506 570
147 50 617
854 647 212
846 926 266
181 311 154
861 848 365
165 626 860
432 879 1023
748 369 387
190 259 162
210 25 477
440 639 570
459 143 321
884 263 184
60 331 103
835 256 214
966 743 880
195 920 522
716 633 371
380 12 210
136 155 123
279 469 365
815 610 708
41 480 198
218 214 234
88 764 428
802 298 955
671 930 875
418 985 548
429 700 841
53 228 424
880 678 761
19 15 76
815 110 435
720 728 965
114 835 553
537 31 288
265 945 106
958 466 43
880 802 200
429 340 235
743 670 95
986 892 38
920 901 507
502 757 537
263 994 420
29 870 985
336 234 893
668 689 570
545 678 217
170 938 775
143 972 760
593 397 797
607 1002 799
919 584 869
850 799 246
766 52 370
636 393 528
939 670 1005
480 860 689
300 208 413
191 745 840
188 298 284
6 615 591
106 68 115
496 638 318
365 237 36
487 743 1019
591 765 1009
421 927 1002
627 765 240
334 8 709
728 836 843
5 164 137
307 853 810
694 294 510
302 337 909
1020 997 865
875 850 329
26 235 719
279 393 583
271 722 959
286 741 327
7 970 430
41 12 511
188 906 651
453 382 752
703 891 0
112 561 448
869 403 1005
770 240 53
527 915 82
806 354 197
546 1020 248
395 366 465
771 846 505
920 994 919
371 535 832
175 8 898
465 60 107
668 80 546
368 18 61
392 987 149
147 284 271
460 433 17
615 254 499
463 181 577
40 136 407
874 409 197
846 773 905
403 290 392
711 872 776
417 82 1018
216 341 450
222 841 233
802 398 953
9 194 28
734 253 78
46 636 1001
437 325 217
317 747 891
703 489 847
566 393 14
679 987 844
760 744 468
946 655 482
182 849 771
855 184 716
714 118 21
444 26 834
219 15 86
219 520 493
482 758 167
226 256 555
244 205 717
475 761 136
937 824 362
834 366 597
729 827 85
855 420 864
17 555 449
864 295 952
903 813 996
688 534 305
180 176 556
303 531 949
538 817 279
299 950 1022
957 166 37
819 44 744
997 823 536
441 532 271
749 383 10
6 463 127
598 800 207
233 288 847
607 961 963
152 27 520
76 27 921
446 32 624
674 832 181
560 22 414
371 450 901
280 692 573
766 321 946
301 187 782
395 364 884
826 857 986
651 463 523
628 468 463
942 442 87
172 935 586
978 229 198
61 730 1017
255 746 740
391 606 554
548 125 783
76 925 224
67 865 600
341 783 498
384 816 726
770 517 938
219 685 233
818 92 719
710 544 880
405 36 477
890 637 60
144 504 348
104 710 155
379 927 379
740 190 312
218 456 279
153 561 879
165 527 984
764 452 647
678 159 296
29 561 469
412 351 604
982 386 959
1019 528 481
479 632 15
790 731 399
822 146 42
239 246 236
839 941 491
582 398 209
722 907 656
793 863 323
673 223 779
441 250 612
752 231 129
210 920 154
104 51 308
367 384 794
470 303 202
789 121 337
845 488 333
468 907 201
743 226 124
861 260 946
487 44 298
981 97 863
105 175 273
353 391 821
518 348 641
35 967 358
1010 268 209
298 914 685
437 653 663
860 295 467
681 298 302
832 136 355
367 789 806
32 894 602
549 925 461
333 496 652
903 364 942
1021 749 815
49 618 173
411 358 879
396 256 265
511 938 77
965 899 636
66 932 495
48 617 56
918 996 212
461 555 686
392 812 79
749 699 513
871 796 720
182 355 822
818 222 72
784 212 979
880 305 662
364 285 294
380 252 756
477 852 891
945 45 700
293 768 449
226 606 592
81 940 771
649 417 707
474 786 401
981 307 1017
928 326 848
20 965 11
797 165 372
209 694 250
462 290 606
735 313 678
397 357 743
247 432 351
305 852 787
575 219 123
902 551 516
442 661 597
680 263 264
15 492 349
491 405 1010
904 423 978
620 748 381
476 753 953
632 600 658
827 812 464
532 999 280
432 818 247
791 284 826
1013 494 474
896 672 896
516 483 92
738 682 582
463 170 526
825 313 35
463 446 883
728 530 821
787 692 247
801 115 849
772 397 890
591 704 61
365 730 150
871 228 771
791 1009 826
499 9 819
17 988 990
388 436 144
481 908 603
553 224 360
395 760 840
405 498 397
547 146 262
53 157 133
735 127 936
79 670 12
847 224 697
374 641 617
999 583 373
589 818 465
924 234 898
801 129 576
171 173 734
436 288 439
277 145 258
308 103 474
925 168 892
443 236 110
80 691 277
883 184 846
585 230 414
892 669 491
447 953 281
140 333 555
414 555 86
648 486 337
456 14 129
882 291 109
654 626 132
558 277 604
912 840 179
274 140 248
635 804 447
196 351 253
956 381 738
294 763 93
377 919 996
671 985 4
528 751 560
540 522 603
745 652 761
131 414 432
553 897 808
797 706 457
764 618 622
813 1003 855
574 343 418
187 702 681
768 340 540
654 404 832
490 821 855
274 551 827
851 519 145
241 679 592
137 319 295
209 93 110
646 951 280
426 213 223
1017 736 351
161 238 583
746 688 626
60 511 802
299 246 149
68 850 820
265 597 759
329 112 940
563 618 978
762 464 988
743 512 107
917 90 579
326 1009 1015
280 947 119
609 652 11
740 392 17
636 190 543
722 771 163
84 481 494
158 936 1023
109 96 669
685 975 829
722 931 514
85 21 195
28 57 988
102 1021 17
227 571 536
329 305 432
631 727 912
666 471 130
340 442 1021
240 445 378
925 218 612
871 350 720
790 386 129
583 793 163
119 462 77
1004 394 219
722 855 503
1009 579 327
487 111 90
512 540 235
710 382 437
559 129 174
302 273 521
448 120 701
433 195 431
432 153 232
869 458 349
241 178 338
224 663 21
798 972 560
533 929 86
27 955 103
465 349 745
496 671 910
669 829 693
665 204 301
551 520 896
723 253 79
238 193 685
688 538 646
753 415 643
451 542 399
336 482 588
1023 593 411
596 924 84
835 369 652
474 600 998
913 42 394
541 543 849
775 595 728
62 218 15
49 627 607
970 453 841
356 888 604
1020 568 931
150 718 562
65 108 128
597 822 830
890 419 759
285 1005 248
162 54 135
189 100 885
522 558 264
578 994 565
796 426 161
926 655 67
342 861 751
585 247 66
412 197 471
694 861 414
508 495 682
12 13 853
320 837 293
286 524 38
940 125 1011
286 160 968
19 501 988
189 801 59
13 709 823
474 473 992
687 110 226
258 246 923
771 271 742
149 105 643
306 773 44
470 704 616
326 570 686
652 914 868
216 164 1000
923 776 802
274 720 600
410 678 980
214 235 819
447 565 1018
64 522 382
771 500 522
261 650 172
270 506 962
260 303 443
443 472 428
909 349 1
143 563 119
572 916 960
720 43 176
761 949 90
112 235 129
65 205 701
892 811 106
1007 477 369
828 421 868
576 102 951
476 627 77
918 110 751
658 418 363
67 643 356
326 953 405
716 565 406
532 188 215
963 1021 526
638 790 414
953 870 535
451 212 372
191 475 64
468 1004 227
92 780 887
927 887 345
82 809 942
633 637 1006
930 852 241
902 208 799
340 149 109
312 65 822
838 801 211
871 15 860
378 571 551
116 227 710
149 211 707
278 342 5
223 85 735
691 206 777
453 731 260
198 326 343
201 385 365
885 413 575
742 453 538
690 13 14
649 490 57
413 948 719
196 105 887
896 833 538
406 13 795
647 678 883
507 78 709
384 475 111
19 250 406
408 245 58
596 989 227
1016 604 414
773 1015 442
584 1023 783
883 734 653
561 741 875
250 995 248
129 703 208
224 289 511
996 607 235
500 672 894
602 148 774
918 422 489
295 793 743
110 533 819
281 905 601
100 926 326
715 0 546
861 619 820
138 991 835
187 406 743
324 855 571
44 695 38
835 668 340
720 706 779
851 813 978
370 200 540
488 181 598
78 356 758
567 603 1003
401 288 935
818 814 631
156 615 454
568 817 727
542 227 735
725 369 266
925 605 470
912 398 407
104 6 333
862 790 963
300 713 294
416 653 482
863 1019 273
513 818 13
704 634 635
442 859 836
7 250 180
439 518 291
782 976 145
752 563 595
540 444 1014
292 456 498
713 380 2
22 989 583
474 574 714
582 274 468
183 118 534
980 142 993
1006 879 140
956 263 56
712 445 283
392 126 263
63 301 988
294 187 526
14 43 506
738 873 555
306 759 248
820 744 157
883 657 763
465 657 573
466 193 950
204 698 765
962 31 104
365 716 449
258 166 878
611 556 757
1022 568 237
711 395 351
504 571 562
25 471 44
592 884 809
164 167 996
862 1017 46
441 995 925
957 251 1011
32 789 691
498 279 567
362 120 745
1014 747 618
570 436 846
80 296 89
73 489 186
23 94 916
306 467 834
738 905 190
419 859 600
113 606 158
668 952 410
404 626 950
324 423 423
351 327 509
616 714 521
402 811 217
980 48 989
255 595 141
147 130 358
499 82 652
274 136 561
966 1014 796
720 199 902
262 829 860
71 472 309
658 28 211
497 183 996
481 950 235
823 402 222
796 111 101
887 35 191
873 384 878
41 455 839
436 966 501
897 157 814
231 983 932
310 214 37
869 405 501
713 333 598
845 197 640
555 32 608
540 841 508
422 519 891
377 749 29
483 535 595
680 68 91
860 990 749
415 108 303
1002 559 450
490 75 459
698 432 15
825 930 411
423 852 166
718 11 885
147 111 312
391 708 347
475 130 303
1018 627 370
939 960 307
628 687 830
192 65 802
48 93 935
276 526 766
619 130 247
20 177 966
779 335 769
355 431 235
335 528 72
585 783 865
520 316 924
864 29 819
916 70 228
900 87 762
770 653 96
181 545 888
437 147 133
543 72 841
158 458 577
121 563 722
183 1022 232
332 128 167
676 617 613
199 661 245
852 11 308
828 703 1007
834 574 333
714 684 786
960 388 283
955 897 120
323 607 472
16 266 987
658 390 761
475 108 14
108 673 476
585 810 630
456 798 185
1004 128 902
94 753 405
534 2 430
275 146 382
35 928 888
666 808 827
718 891 238
277 430 332
719 385 785
487 800 953
918 493 759
990 768 1016
962 392 888
420 33 180
130 627 477
522 903 367
635 811 441
501 919 341
1003 344 170
915 215 464
304 991 33
268 305 392
994 771 961
983 818 150
256 931 489
113 662 646
75 779 956
973 9 334
785 926 286
915 422 669
106 3 58
178 536 234
525 16 384
80 662 753
687 352 369
928 818 645
1001 201 338
537 184 230
673 422 400
733 170 604
557 323 611
181 209 337
865 387 918
924 273 817
507 14 505
857 804 199
81 153 241
77 363 560
820 994 231
804 658 994
325 575 957
752 722 993
18 363 941
791 327 346
562 535 974
136 410 812
415 455 1020
538 271 243
44 817 757
866 18 103
696 242 213
238 14 775
64 35 939
877 491 783
36 47 990
705 162 675
52 26 664
536 458 160
975 730 29
37 729 807
590 157 265
174 9 26
972 468 124
790 182 224
689 612 181
362 733 25
163 177 421
708 455 67
1015 554 477
476 270 228
597 876 117
947 854 949
680 922 596
447 557 760
157 383 973
442 1006 212
744 127 1009
109 47 292
244 561 103
121 481 624
420 779 806
25 406 688
617 405 54
63 590 316
1019 663 158
911 677 525
219 846 393
944 297 707
278 359 312
836 248 669
249 479 738
77 449 398
1022 275 872
180 621 181
154 809 310
350 877 414
733 794 48
495 639 397
71 792 165
638 736 485
117 1 837
619 413 188
475 229 983
1006 7 541
945 129 278
89 219 344
578 760 880
777 324 414
183 551 416
633 1007 308
738 150 2
239 6 157
701 553 549
316 52 160
810 968 380
890 675 765
1004 466 519
994 596 833
71 333 625
250 758 424
659 295 709
235 140 955
791 814 1022
694 328 410
601 450 902
961 249 403
805 889 776
590 16 100
108 766 42
867 692 831
456 769 380
301 638 625
812 294 545
674 773 522
864 566 503
959 613 827
352 438 35
457 635 38
284 144 174
966 1002 722
427 295 245
283 842 523
506 492 182
15 6 922
237 813 943
557 325 562
797 539 635
386 173 78
681 618 333
321 778 1002
214 483 539
981 525 266
317 450 35
32 240 684
410 277 215
1 345 902
559 186 532
640 4 540
611 600 998
968 298 417
250 450 291
343 375 147
294 793 738
499 669 150
585 1022 834
186 247 240
449 604 501
832 951 146
956 826 45
658 153 472
759 902 925
398 295 578
497 988 69
372 300 912
502 295 781
237 502 402
725 993 2
492 92 391
628 770 309
880 34 408
1010 583 574
938 1016 470
6 931 899
218 523 553
733 352 826
565 645 771
156 329 189
338 723 868
307 644 636
931 233 696
587 151 1018
467 511 947
245 401 384
1011 817 991
89 982 41
887 147 45
84 118 15
408 636 268
962 973 349
705 137 386
514 641 728
727 682 977
589 752 38
980 757 984
273 69 282
447 851 87
843 34 237
854 231 1018
570 704 1021
120 596 756
865 750 138
405 500 347
407 381 848
938 166 1010
82 120 587
460 524 527
680 549 58
650 809 262
707 904 615
727 254 287
757 987 718
600 593 837
340 630 233
584 17 170
617 759 439
689 926 785
560 903 1014
430 53 778
229 712 800
424 597 293
1021 131 998
365 694 843
723 361 715
577 606 827
412 853 664
172 513 849
572 351 254
509 427 837
329 982 930
108 37 837
586 804 631
543 814 661
168 369 763
729 135 422
870 575 894
179 298 531
706 350 452
80 791 483
258 64 982
761 74 921
213 218 480
281 779 31
314 577 360
58 862 510
710 831 706
1004 374 600
625 583 837
24 268 904
382 286 216
912 382 512
383 514 51
877 337 837
165 617 27
309 749 533
533 918 407
763 267 292
271 738 718
332 1 242
101 914 619
483 316 24
352 734 100
256 903 964
453 347 318
572 291 855
638 647 130
940 43 510
153 212 1013
103 479 530
550 148 734
374 128 293
670 310 363
392 526 90
426 125 321
527 669 873
612 972 581
684 458 796
603 834 537
941 160 115
40 622 235
171 511 910
889 534 973
934 470 688
40 951 765
814 59 1000
455 157 613
721 98 962
66 403 127
517 837 903
90 868 663
564 109 686
855 836 909
820 731 505
116 1002 475
433 747 536
759 14 907
825 808 324
27 922 478
970 1006 785
661 863 803
302 38 858
84 360 415
42 849 473
590 15 321
685 456 393
708 636 63
412 922 163
359 170 898
217 1000 761
100 312 381
334 242 525
167 527 434
660 896 543
431 768 606
925 946 1022
51 662 595
588 483 472
41 327 594
791 930 365
830 758 70
247 74 419
222 514 329
641 927 980
338 166 997
236 586 124
242 426 19
329 612 864
460 737 973
358 739 168
570 447 841
931 38 328
887 318 87
853 733 198
739 5 357
601 822 642
705 926 497
535 323 13
418 228 530
547 446 622
510 840 14
907 691 458
786 498 233
755 244 940
16 864 228
881 1014 421
48 482 1008
652 529 902
154 522 255
622 302 755
87 941 583
694 22 606
716 250 53
417 710 831
188 399 155
709 21 609
185 949 681
149 602 31
537 382 332
183 278 48
133 244 469
246 919 312
211 137 50
626 212 227
480 52 483
986 661 915
54 116 613
915 580 262
59 458 629
33 139 648
774 646 312
698 186 492
128 620 1015
863 341 834
100 246 36
666 376 348
567 236 764
287 798 493
770 320 831
449 175 632
790 10 901
325 93 269
940 693 391
273 244 912
501 665 867
397 763 34
546 297 70
709 645 57
874 464 46
806 228 645
649 92 399
925 419 752
230 435 682
416 434 466
547 1015 931
267 651 257
883 602 216
636 460 741
705 579 429
713 73 103
245 323 883
648 402 750
254 336 963
221 916 818
328 94 746
102 854 27
134 1006 469
749 571 692
173 770 986
883 916 512
321 791 303
948 652 599
861 33 232
998 131 304
476 172 2
241 216 452
963 600 141
613 621 694
300 1017 891
928 112 256
918 558 903
791 808 1012
650 912 88
541 43 789
175 970 101
365 31 734
890 326 581
382 1013 919
207 772 639
510 723 699
521 727 632
792 584 56
745 1005 931
746 32 76
516 404 957
419 605 411
483 650 35
1002 793 449
168 999 384
236 678 886
950 792 919
659 770 532
72 48 1005
344 422 790
154 913 483
994 638 310
245 826 75
149 797 21
845 22 327
726 340 902
511 946 304
538 822 575
275 255 200
383 426 370
408 392 58
458 167 163
87 916 365
916 941 950
39 76 87
431 940 1014
679 983 723
202 834 672
797 481 663
808 452 439
269 715 313
373 397 810
218 239 834
887 488 735
435 938 844
456 207 978
351 834 941
198 176 679
152 470 122
386 842 184
294 197 455
46 297 846
477 503 835
568 137 980
393 385 260
679 604 417
403 33 623
409 587 394
412 475 758
851 422 305
746 850 715
632 56 727
329 489 117
457 869 782
765 24 819
356 457 113
633 686 919
397 52 969
927 65 922
715 134 405
300 545 165
711 666 518
979 330 958
518 47 703
452 70 161
20 667 196
498 997 820
992 628 234
785 256 481
867 547 50
314 49 607
241 664 193
358 287 49
75 225 476
581 982 590
930 181 932
543 270 811
420 685 516
518 276 664
48 642 657
260 585 979
808 450 820
398 651 139
150 167 58
820 251 94
869 844 584
583 386 872
389 352 586
593 347 587
861 177 623
747 31 897
159 949 466
113 429 205
513 466 1016
692 730 795
290 549 723
542 49 382
15 895 640
870 193 94
832 460 560
15 523 846
33 635 142
994 82 350
979 265 848
967 386 109
10 423 717
781 794 878
636 215 80
82 392 850
937 295 47
169 1015 656
538 685 584
576 956 937
764 701 175
962 839 748
915 949 34
168 843 366
683 41 332
435 526 588
536 315 980
471 531 342
616 925 280
966 96 449
762 139 831
157 821 426
833 342 597
634 649 316
46 251 253
729 792 344
631 363 817
347 354 459
617 467 167
922 348 87
940 643 495
586 172 994
636 246 534
505 682 304
1000 166 943
136 694 597
657 339 867
4 374 136
742 721 499
181 891 199
458 430 225
862 99 570
351 579 466
944 977 791
574 369 250
986 680 51
693 63 424
282 216 675
258 623 1019
843 74 126
135 441 171
6 332 87
526 381 12
713 191 75
224 503 647
406 819 35
1017 460 66
248 923 73
797 398 1010
188 958 187
485 370 276
798 859 964
43 806 462
343 839 215
566 256 583
178 665 941
127 760 308
14 196 679
732 833 721
132 859 710
510 22 97
200 768 587
620 53 525
637 814 611
875 100 89
125 26 602
408 505 372
459 822 47
764 511 709
1009 39 818
599 226 279
559 1001 878
210 300 976
392 673 684
75 237 813
548 969 447
618 607 707
389 606 406
71 58 800
294 207 668
429 1017 809
999 347 514
567 661 457
58 293 853
453 978 249
701 441 863
317 474 297
172 612 852
79 31 76
935 144 456
545 143 612
642 958 741
22 196 306
1019 515 586
706 414 391
353 115 422
544 857 296
39 1015 761
1022 1018 984
447 963 748
168 960 217
183 885 98
120 467 983
697 954 376
195 551 243
475 613 999
881 741 258
288 630 420
566 376 864
351 873 851
953 768 705
537 940 456
453 154 595
563 98 896
780 95 93
879 672 24
10 504 561
518 128 323
571 13 173
757 178 398
733 878 921
380 133 482
597 501 855
0 991 478
876 27 910
950 947 811
75 306 155
665 996 12
261 763 283
826 541 738
756 640 7
423 532 893
157 528 803
772 326 967
798 551 866
235 350 56
218 35 818
718 939 239
566 523 175
718 250 193
416 49 414
26 476 808
941 0 511
6 274 695
699 845 900
754 908 122
742 697 280
715 26 256
163 566 282
200 722 209
43 660 409
192 713 707
324 53 653
18 805 705
636 787 257
971 493 857
428 1012 447
319 406 183
538 386 702
530 902 1015
841 810 863
159 805 556
957 284 311
273 953 258
51 664 695
150 410 392
428 696 162
124 1016 857
918 471 708
72 524 796
537 472 569
929 282 638
901 1015 522
4 652 867
282 866 25
249 389 523
191 566 350
262 437 750
369 655 218
85 183 1002
135 154 655
960 875 471
989 823 459
580 836 790
815 864 770
346 783 327
546 16 99
605 923 188
708 590 652
693 411 896
476 959 978
817 80 988
331 225 156
289 279 154
204 349 931
239 43 803
216 192 363
491 49 508
85 791 678
774 35 48
294 586 103
455 731 998
1019 505 72
401 592 328
613 680 27
539 577 75
803 534 703
176 777 306
629 643 730
261 221 782
281 824 24
586 339 112
640 510 559
310 276 513
639 201 1000
926 509 800
482 91 199
736 788 138
890 440 432
391 51 328
588 253 401
408 514 541
240 2 712
588 381 715
813 841 709
445 254 143
900 798 344
239 718 610
472 351 439
931 5 116
149 680 70
437 69 59
96 921 440
383 675 824
744 226 266
95 108 474
824 263 515
1012 262 695
476 633 952
501 754 763
762 65 932
453 103 302
5 968 777
206 525 565
382 402 150
376 367 901
948 951 595
816 865 357
24 997 302
255 554 66
662 982 493
349 877 797
96 349 272
217 273 571
587 333 662
43 380 734
401 215 283
859 506 335
793 47 719
68 1008 43
427 223 681
273 49 237
601 373 686
959 198 976
140 901 280
812 24 448
374 858 834
438 764 740
624 290 123
65 596 947
896 979 595
988 152 305
130 773 1016
1021 333 857
696 272 729
593 902 233
38 118 882
350 728 615
486 617 1010
120 62 1
342 904 270
802 883 804
348 632 695
28 591 619
668 851 466
935 400 299
985 195 47
889 532 782
162 677 305
583 327 445
935 792 544
150 499 829
598 803 589
955 239 291
814 282 822
637 834 856
640 502 616
278 569 283
675 352 673
59 224 725
864 727 866
149 484 257
964 243 939
901 515 427
346 867 670
202 956 990
164 870 422
343 190 508
139 50 741
80 631 952
1008 2 124
778 451 187
653 763 634
310 141 183
464 591 618
86 34 661
48 387 517
482 796 631
408 950 816
958 704 562
866 383 417
219 31 937
507 871 296
68 528 796
181 850 51
844 560 991
876 137 711
808 798 71
172 906 392
772 774 122
760 708 340
632 25 72
890 875 451
525 619 782
840 501 593
583 661 496
144 434 143
283 316 543
828 988 830
88 889 915
27 278 87
481 312 978
21 595 166
504 42 998
172 125 212
823 909 64
922 123 279
319 223 264
820 590 75
244 352 794
362 888 976
547 694 495
809 34 437
775 86 375
395 387 426
460 972 295
798 450 399
68 912 362
773 107 189
789 307 798
171 873 250
787 817 483
720 845 245
737 543 235
658 121 995
686 443 462
709 797 126
315 688 646
958 236 713
335 902 589
327 548 69
443 681 73
840 777 764
32 574 30
897 614 538
998 249 855
893 211 928
388 983 323
925 745 759
799 568 517
84 67 90
307 285 179
824 782 495
595 608 955
215 954 955
93 266 86
422 874 547
427 870 109
678 410 622
1005 3 53
8 993 542
247 498 235
104 813 424
665 740 385
798 646 565
906 393 869
735 143 652
802 476 406
376 391 196
538 864 112
781 126 55
363 745 984
746 405 784
70 76 952
409 374 340
663 960 418
44 568 445
236 547 618
109 327 417
78 384 63
891 252 392
123 619 997
707 285 312
477 974 525
321 291 370
587 56 934
707 668 188
20 165 926
262 68 653
615 541 407
251 961 766
904 440 483
1004 954 208
856 135 536
854 170 232
715 620 238
236 872 620
503 283 342
613 913 244
1016 812 333
510 403 304
126 699 544
656 357 120
224 334 113
381 954 506
194 179 447
280 662 172
9 120 295
517 541 404
315 805 142
213 450 348
635 367 140
463 889 453
967 887 10
152 215 607
566 655 722
674 551 589
557 996 992
832 108 411
575 654 28
879 336 344
895 217 26
162 1017 121
593 87 922
163 111 886
560 429 454
441 791 946
513 776 49
97 935 43
757 700 708
130 747 167
323 696 688
236 726 940
997 882 926
373 24 158
816 888 734
49 659 947
706 646 852
272 380 647
768 422 810
134 198 609
998 100 529
153 111 939
286 121 342
35 860 651
50 97 100
930 248 830
679 128 334
739 198 592
621 895 376
159 62 96
512 598 493
732 86 653
855 569 507
190 595 43
204 1023 203
592 444 770
828 231 757
608 624 194
463 874 626
326 22 936
372 669 718
162 814 336
685 359 346
588 383 782
107 264 86
998 214 922
585 419 237
275 613 26
766 694 233
277 590 640
557 44 926
781 15 725
460 187 1002
217 177 904
971 619 808
520 981 493
489 638 372
297 484 84
963 331 164
372 416 745
881 567 343
368 48 105
615 952 627
188 335 960
66 755 832
509 717 600
257 93 194
161 416 782
5 901 60
177 631 547
151 34 944
615 841 228
80 883 911
79 511 934
204 345 703
988 111 789
861 430 215
611 726 941
982 436 633
707 429 645
135 887 613
525 829 262
789 226 104
635 703 23
981 146 9
408 29 388
243 38 476
976 543 274
193 922 240
252 326 323
705 17 932
428 1001 196
345 761 45
755 178 220
747 253 348
11 500 54
388 897 965
244 834 33
85 463 565
899 808 742
391 347 92
770 94 385
984 184 261
331 32 906
858 265 941
1002 456 444
231 795 361
28 848 597
215 812 208
993 899 622
246 953 864
711 467 384
886 70 424
542 374 752
267 13 1010
501 854 726
536 874 817
513 21 965
106 245 39
457 514 413
986 150 231
6 728 967
728 1006 221
204 913 841
911 871 27
660 347 633
652 966 844
62 372 753
598 702 90
934 31 20
728 504 889
463 732 865
870 947 254
608 349 873
893 560 766
50 1009 241
570 802 146
756 327 132
747 630 379
216 840 608
452 467 749
365 678 449
30 638 742
267 221 987
903 31 214
947 806 854
650 144 939
819 113 159
770 186 487
264 712 115
605 853 490
79 679 833
259 513 158
426 842 128
1017 520 79
700 720 406
500 501 654
841 292 747
178 169 823
91 942 566
665 424 51
474 72 166
76 163 653
327 937 185
875 238 287
33 318 536
375 955 592
950 87 522
88 51 27
168 49 922
274 554 594
933 898 912
95 259 708
995 859 662
1019 787 469
697 375 658
618 668 492
45 164 253
987 147 950
384 490 336
135 60 672
49 256 4
198 669 945
443 107 92
538 850 407
503 466 679
498 106 735
471 215 543
317 639 403
7 110 365
188 310 817
774 600 1017
645 434 427
208 512 347
380 743 616
599 391 721
858 506 152
300 165 5
845 334 496
679 506 7
290 765 524
397 608 356
113 402 917
122 823 921
449 746 706
394 173 923
861 535 256
35 833 343
896 797 581
63 993 672
537 157 809
661 597 608
867 369 628
995 445 486
555 499 464
42 660 281
814 856 912
196 135 964
689 605 948
643 718 961
611 995 1012
200 125 836
201 295 323
327 622 679
739 370 937
1008 904 29
39 756 893
434 176 461
711 351 818
882 270 388
927 686 313
221 558 653
30 63 862
730 77 470
822 585 483
314 988 221
162 733 920
744 477 344
736 952 521
59 327 190
302 112 284
127 761 326
873 326 276
617 761 743
998 777 151
304 884 353
412 508 94
483 888 151
553 521 880
413 779 1016
951 653 157
1011 252 347
112 442 887
377 739 741
715 417 14
741 112 844
926 123 681
275 580 539
833 120 401
680 100 312
813 1000 446
326 205 427
926 75 985
392 162 749
632 914 374
594 342 139
736 810 218
152 842 626
1016 468 765
726 699 193
43 999 191
513 893 174
720 891 387
3 66 872
560 478 950
457 706 617
785 210 16
577 352 775
164 344 228
285 589 247
91 744 841
988 485 512
362 829 790
926 477 403
112 175 568
716 403 997
907 387 839
992 102 230
179 60 252
74 602 97
61 346 1003
520 309 922
456 968 97
184 434 765
602 861 960
421 250 617
27 301 707
78 932 15
327 786 527
586 921 931
339 85 122
234 628 83
948 395 27
515 734 397
261 904 346
869 901 74
926 809 484
24 297 514
794 243 381
408 12 768
718 362 734
889 822 134
618 1008 38
29 620 722
779 937 122
237 933 493
137 378 978
4 622 22
162 377 645
485 146 659
526 977 95
40 562 581
282 233 420
490 685 788
146 484 298
93 417 401
413 764 536
918 89 510
737 776 980
743 990 149
964 1002 99
408 59 273
69 42 53
181 601 56
401 1016 168
573 516 517
891 287 147
136 954 129
805 992 720
355 761 683
110 924 158
989 892 240
75 374 284
917 859 121
627 4 565
342 599 45
901 978 736
682 387 382
528 836 718
63 472 745
835 932 467
238 472 152
44 455 241
582 581 562
667 380 618
640 661 434
690 88 891
493 667 540
793 357 194
948 731 408
840 515 326
183 820 71
848 459 286
447 600 635
1022 787 953
900 291 1022
401 543 931
722 626 17
50 201 208
314 371 974
968 2 272
758 971 779
616 991 288
459 115 217
814 249 488
139 647 26
476 286 822
1019 466 615
122 670 89
525 700 626
516 487 291
195 388 141
448 967 286
73 239 147
777 218 85
854 284 448
212 292 990
982 19 47
744 971 894
684 640 227
129 126 653
876 482 774
996 179 722
784 918 126
366 190 101
725 341 620
980 769 16
84 248 109
229 769 34
696 684 173
434 887 926
318 498 963
815 773 879
653 99 236
283 871 988
39 578 132
666 362 51
26 488 280
898 562 47
784 662 17
928 537 271
398 600 234
907 129 848
758 534 897
191 225 230
196 964 944
1023 734 270
753 233 1009
768 240 842
187 670 124
713 949 1000
125 50 661
653 491 11
274 690 318
918 995 145
630 1003 713
263 313 879
871 162 887
200 12 266
362 734 211
772 960 953
12 479 953
917 869 234
141 221 811
470 98 740
31 684 82
633 264 738
533 24 369
323 581 260
502 145 113
831 769 121
10 207 871
678 445 427
467 756 678
596 344 964
1005 899 385
317 533 266
142 696 126
403 98 588
726 714 906
341 830 78
286 369 67
788 740 146
799 49 343
37 773 504
1002 282 532
21 118 606
906 52 998
520 225 397
986 995 305
195 280 459
472 288 113
615 706 91
849 453 752
42 792 969
343 993 33
216 280 803
102 329 564
843 475 783
313 259 878
698 18 190
625 542 471
358 627 267
3 895 865
388 849 119
942 477 144
557 646 178
236 1013 471
785 77 613
598 674 808
337 626 132
22 520 573
37 97 736
793 1000 46
50 3 295
736 638 224
167 432 443
227 279 968
277 127 819
674 835 47
967 688 955
975 335 744
574 885 637
706 869 70
58 895 781
416 610 281
974 824 85
279 833 1014
96 724 614
840 739 576
899 105 535
380 863 942
701 916 598
747 656 333
342 866 673
997 880 802
470 843 181
535 940 806
38 102 311
263 234 493
436 757 234
356 105 549
714 635 953
830 455 483
669 8 988
993 942 664
506 23 543
555 707 947
1003 501 344
69 691 116
42 70 994
800 218 711
775 91 475
151 287 1018
33 791 741
807 687 419
836 886 103
364 771 417
132 110 764
343 352 993
304 1018 292
50 498 944
657 869 934
230 281 312
492 690 52
981 760 223
140 855 276
888 88 447
980 341 30
692 568 781
66 654 326
731 862 383
551 486 774
535 917 232
375 22 42
673 539 839
448 713 316
866 282 484
462 554 235
83 779 837
169 323 486
578 197 921
287 152 297
849 166 582
341 609 218
302 21 948
698 113 511
212 45 273
582 971 246
447 153 760
714 799 771
408 591 1
75 568 508
656 160 578
265 888 670
670 761 115
147 643 101
757 442 965
616 561 138
634 37 717
862 955 49
332 63 844
657 775 984
599 986 463
150 974 72
30 550 154
739 120 313
603 660 331
768 231 222
591 716 401
970 828 869
748 840 800
926 1018 869
62 906 142
764 373 833
704 320 556
956 540 950
920 485 1004
91 31 237
741 1013 876
822 519 538
760 721 986
935 384 273
983 890 462
152 97 329
661 370 298
99 263 45
850 753 486
643 447 96
509 570 942
109 349 126
290 659 405
874 599 345
920 897 630
262 198 515
762 642 447
775 874 1018
353 676 185
490 714 889
604 211 678
755 509 866
883 465 214
50 116 979
218 189 890
58 211 183
400 537 287
798 328 340
890 526 916
568 601 910
1018 88 291
555 153 31
13 517 959
954 991 296
246 676 336
22 327 957
776 420 386
256 644 393
2 566 530
87 1007 872
902 642 357
782 964 567
56 55 473
471 99 300
666 859 793
442 839 138
597 801 523
584 414 121
943 426 510
31 313 20
516 843 1022
1004 74 610
686 243 302
306 221 358
682 658 279
842 482 875
366 321 440
603 196 279
391 789 13
389 139 282
981 837 92
431 491 906
848 430 933
1021 982 157
751 827 942
569 36 437
903 965 677
415 944 401
610 900 466
496 693 743
728 743 664
910 489 199
146 35 119
463 257 323
256 100 375
541 622 764
784 238 573
45 78 688
31 100 469
354 507 524
300 234 509
939 573 803
716 627 759
697 739 206
847 21 93
958 439 457
112 605 684
105 433 653
317 617 152
484 995 991
887 1007 197
622 841 15
452 134 206
643 806 860
296 492 372
846 147 792
998 763 696
538 738 260
559 493 885
746 710 149
854 886 239
834 906 47
955 145 117
435 848 342
302 611 608
666 964 797
497 856 345
97 492 719
702 905 69
114 126 683
957 879 281
220 904 181
178 723 538
7 485 828
594 462 105
961 384 1019
155 717 952
452 27 39
544 91 999
21 406 949
838 500 752
745 581 498
90 320 376
121 111 121
68 163 769
395 20 243
58 252 144
201 221 699
23 464 428
807 240 410
599 466 740
503 118 766
965 775 525
716 391 701
576 958 312
124 759 827
557 655 172
353 202 160
201 905 868
828 367 851
608 519 240
279 917 883
170 918 8
792 488 928
195 962 153
817 976 259
1000 933 723
164 789 331
275 12 748
217 222 759
648 590 703
362 449 926
790 1015 54
671 315 694
101 652 587
734 921 47
242 10 959
984 553 816
301 455 813
47 789 950
863 567 49
824 1006 224
194 17 873
684 450 580
426 576 507
1006 1003 520
574 813 374
852 780 838
288 180 802
589 399 691
908 747 932
1021 201 575
267 754 942
1011 327 325
462 145 860
488 408 648
827 514 747
550 737 684
17 590 515
940 646 348
557 898 565
307 922 939
92 553 576
64 52 168
326 89 597
698 362 474
609 718 774
345 297 429
1022 252 243
595 315 34
188 775 659
203 396 211
927 160 591
738 328 229
485 604 1009
219 401 620
367 784 834
25 703 560
191 376 196
267 918 597
1002 64 593
84 616 964
853 236 725
972 571 768
385 952 720
307 597 310
790 677 185
118 918 409
865 625 708
423 772 255
837 312 815
404 811 764
669 971 349
42 475 587
308 603 692
215 590 667
123 1016 802
473 971 743
487 308 161
497 125 262
122 836 602
737 126 296
927 197 690
142 243 864
52 401 155
502 714 956
662 651 232
1011 355 1014
958 574 523
1000 428 686
310 413 964
435 647 382
92 154 378
294 480 67
104 115 901
1 747 749
912 283 157
144 146 281
91 664 801
740 1008 987
245 136 435
916 706 428
104 927 790
157 698 77
419 761 507
437 374 997
255 796 503
700 989 552
919 368 283
754 815 52
312 559 817
474 726 425
117 248 414
406 281 568
461 57 636
669 346 501
469 295 194
873 568 567
586 780 229
445 291 833
795 552 1
977 806 169
996 264 655
615 904 760
642 5 706
482 871 237
997 592 97
919 268 903
353 139 333
883 984 124
18 751 98
952 339 401
950 762 138
505 123 686
836 175 165
894 592 306
880 757 33
19 1021 47
6 812 251
669 374 669
28 125 395
107 139 210
12 870 21
66 965 145
443 528 264
906 700 765
916 834 830
187 98 497
973 300 860
216 685 1008
180 781 150
905 449 227
806 736 802
932 960 154
803 502 35
867 564 269
518 534 325
880 49 278
270 278 389
530 648 965
270 798 449
9 338 310
101 188 48
398 630 792
833 836 924
895 199 397
585 346 365
699 263 106
66 279 878
322 550 231
345 134 997
289 161 430
861 490 321
669 181 521
583 328 320
763 283 3
484 863 920
303 707 523
166 148 104
894 275 327
665 527 606
291 844 658
657 943 997
148 76 529
126 1011 516
467 871 476
954 51 693
222 798 361
166 511 713
910 490 599
306 605 929
968 939 713
866 537 705
943 678 848
749 818 899
7 894 808
544 871 346
372 874 209
394 737 826
284 791 826
117 800 993
617 56 705
305 326 50
834 538 6
757 545 238
217 18 129
438 858 638
182 879 477
96 454 487
479 523 275
522 28 863
92 341 878
806 56 786
804 630 411
925 973 138
390 467 263
754 12 520
265 999 590
283 417 732
233 359 739
531 971 527
687 974 60
727 700 889
384 271 154
466 104 68
513 241 931
358 531 97
798 884 960
565 156 388
645 150 468
883 1017 805
522 591 929
362 446 645
965 529 210
757 413 98
1021 705 315
626 908 630
370 45 226
805 9 495
662 450 67
54 783 115
852 166 389
207 861 511
614 358 799
486 703 972
602 163 12
291 448 806
94 256 563
974 32 746
885 423 769
852 857 751
787 714 983
491 635 403
450 1018 594
911 38 909
95 778 849
311 819 94
632 20 83
1002 147 821
769 86 604
120 205 692
168 980 267
397 164 894
762 771 377
35 603 967
160 871 56
580 565 759
949 892 479
826 574 681
312 308 511
159 801 629
667 173 327
371 594 932
137 721 646
567 781 371
991 766 1005
887 338 240
633 559 316
490 559 728
62 130 902
629 627 440
589 506 150
855 118 58
618 266 813
617 849 315
230 1003 363
528 400 901
800 76 433
1014 969 439
294 65 699
769 525 843
318 535 302
233 369 239
682 593 378
986 719 699
670 334 373
824 43 902
704 450 158
242 997 313
668 546 379
42 662 647
346 641 103
118 624 283
665 960 469
402 177 117
643 372 65
88 548 243
803 647 793
104 827 543
444 389 875
632 401 427
40 68 868
63 785 16
519 606 32
246 326 379
22 868 999
724 675 599
559 60 319
1000 126 33
276 105 918
812 976 681
56 542 560
141 533 424
505 808 473
990 78 83
977 80 408
4 2 628
364 732 1000
760 867 146
202 225 385
633 321 573
419 945 962
235 790 131
730 897 733
726 265 504
484 348 994
695 390 639
105 92 458
337 569 583
27 62 566
157 561 977
690 885 925
139 469 120
517 504 536
811 941 256
639 647 761
351 987 251
120 214 271
181 407 236
445 685 348
361 43 295
587 447 844
808 447 658
190 1012 377
706 660 533
205 883 152
22 712 281
844 58 597
901 740 203
583 47 474
857 788 467
53 642 159
115 902 235
361 659 209
891 94 44
323 936 44
167 190 531
537 310 147
747 676 821
892 682 463
413 912 638
785 290 677
990 956 537
458 448 754
159 846 196
548 8 618
361 327 354
50 330 116
962 858 511
877 992 934
330 448 986
531 191 739
869 360 658
479 82 975
332 206 840
631 971 997
278 364 645
474 996 474
582 49 300
513 181 488
66 223 806
138 277 1
954 798 925
105 179 514
548 229 209
126 779 499
74 314 1003
216 995 49
865 159 870
213 946 482
991 716 756
577 191 1015
869 207 89
144 924 854
967 963 629
852 778 318
322 658 248
941 378 49
216 359 346
308 182 589
408 214 507
1000 471 1022
10 215 733
991 3 114
510 125 288
246 913 941
539 805 55
266 705 114
78 608 403
267 462 683
635 677 346
281 490 180
580 132 725
118 699 32
439 265 608
759 162 976
452 85 597
997 280 971
626 76 407
971 969 523
341 974 707
672 96 385
817 541 972
289 244 170
242 617 279
912 776 204
238 782 906
832 267 941
903 77 232
584 435 32
102 265 400
227 637 195
939 1016 122
575 75 139
680 276 609
87 917 503
63 725 428
427 174 835
130 147 311
864 859 566
924 708 765
399 294 195
711 800 141
580 592 922
550 894 492
285 443 286
450 783 704
902 120 541
585 413 518
615 951 640
944 370 93
685 317 202
558 1018 171
172 948 982
847 134 791
220 337 751
482 809 615
250 428 329
860 583 221
23 940 644
307 1021 424
59 449 723
383 812 520
299 298 275
392 414 537
918 211 135
137 70 935
582 981 684
862 257 881
914 660 805
1001 947 149
909 992 618
103 528 981
702 293 157
227 610 112
944 588 795
280 95 517
19 113 84
153 972 965
509 550 37
200 902 991
961 451 943
767 140 954
485 973 511
109 72 913
948 737 718
295 809 298
59 764 974
252 501 826
386 898 160
935 158 175
200 47 674
597 550 537
62 902 399
521 45 36
637 697 160
424 946 449
599 305 758
314 673 68
1022 74 749
928 437 971
363 583 867
277 140 797
961 808 935
125 764 812
102 391 393
1012 505 637
342 151 886
280 923 319
74 4 785
467 294 471
202 1007 750
749 4 496
456 513 118
721 380 566
717 446 346
179 786 120
709 568 699
724 188 318
105 739 895
415 141 402
218 950 470
551 608 969
274 574 990
987 528 244
361 652 926
140 840 228
265 299 898
580 336 334
585 394 422
57 131 424
533 473 612
51 1005 457
971 641 880
936 930 888
7 182 244
1009 802 977
954 956 937
843 937 459
874 960 175
350 427 173
18 619 786
829 670 172
182 788 108
139 156 691
914 623 279
184 837 342
579 973 520
960 321 395
862 128 883
258 687 395
726 580 711
239 836 599
286 404 826
154 416 930
754 23 358
898 769 704
692 231 480
432 281 142
478 580 262
119 247 6
701 89 995
657 755 839
161 693 282
304 595 731
652 276 540
1011 622 202
139 1022 227
162 817 98
950 551 156
361 705 644
229 471 799
275 225 94
651 895 122
555 328 355
903 218 289
1010 467 307
607 81 424
844 170 209
962 829 611
625 69 458
762 87 206
464 629 778
144 384 858
361 893 943
456 507 872
210 350 574
518 213 317
168 1003 46
449 480 957
803 510 341
179 144 49
192 74 354
120 215 869
146 142 311
790 713 418
937 17 663
317 156 66
406 78 77
85 220 524
594 639 192
553 137 797
786 829 28
172 195 822
392 297 630
482 31 17
857 752 299
480 490 755
840 500 256
710 919 11
550 871 676
252 437 850
851 645 406
352 257 549
236 226 181
139 890 234
222 646 186
208 202 411
324 103 755
748 527 279
956 675 638
735 157 992
34 862 960
758 1017 439
734 349 167
664 403 208
477 150 939
193 980 597
686 888 208
550 174 714
24 385 146
111 776 1014
338 624 173
508 277 596
997 54 711
82 34 378
713 681 580
841 778 585
802 766 495
45 261 125
340 700 289
866 865 579
930 472 867
243 921 889
1005 255 970
47 983 140
177 828 171
284 119 666
416 215 605
52 1005 531
345 163 647
655 198 457
576 532 955
419 314 146
787 728 239
798 766 403
956 166 627
912 628 822
899 794 661
716 888 875
466 293 607
673 983 296
1016 722 483
628 983 713
211 483 946
771 446 816
385 393 979
385 881 311
185 408 387
984 790 483
151 473 985
534 12 601
275 166 144
53 806 893
929 687 233
492 709 449
329 147 638
842 163 137
995 673 515
332 473 633
812 156 412
677 841 236
457 503 119
937 711 405
451 71 645
406 763 538
714 883 710
1008 617 757
642 533 777
13 766 716
358 894 670
838 112 343
325 553 106
237 430 961
169 131 519
1007 358 783
640 752 929
760 617 596
803 495 271
533 292 730
916 516 579
575 767 570
283 821 307
770 477 677
59 1003 415
991 830 927
711 554 70
216 429 866
839 849 614
103 289 737
528 782 162
672 617 465
79 40 195
822 653 100
894 930 798
900 474 946
950 683 1004
1016 45 870
297 949 768
639 596 507
121 857 1021
567 71 343
208 359 871
781 904 239
532 16 912
999 207 428
380 770 394
578 389 480
1000 93 107
801 859 249
74 985 868
857 1000 531
672 92 701
1007 981 127
464 877 296
609 778 525
198 775 967
558 371 311
15 954 926
214 149 452
705 72 916
69 399 310
270 727 229
688 238 316
460 654 908
265 228 571
674 899 553
361 986 731
750 695 767
118 658 514
607 105 233
441 442 224
948 303 310
995 196 719
5 50 69
550 165 342
94 879 166
513 107 141
346 168 379
66 555 53
199 883 936
531 528 878
1007 665 41
208 904 451
1022 748 819
633 745 393
776 399 852
951 503 869
150 64 316
23 688 920
81 735 745
725 521 297
797 663 250
399 843 715
488 817 884
738 630 566
413 422 735
403 139 85
626 601 415
2 948 624
768 385 432
209 245 34
62 137 134
71 769 430
250 507 775
989 628 218
184 925 189
325 248 350
381 933 691
373 554 325
742 176 516
702 533 629
313 975 277
421 574 65
309 510 997
557 917 203
608 336 624
742 594 481
20 489 590
386 476 757
474 632 171
675 355 595
768 180 968
445 416 546
888 237 749
812 654 398
1017 611 417
598 203 746
717 989 848
532 853 287
1004 331 530
215 682 263
663 375 41
67 49 619
183 641 153
25 309 501
463 392 121
588 493 1010
133 131 716
868 621 598
598 968 403
813 608 55
111 463 6
335 549 387
355 71 505
856 602 863
174 423 59
36 429 829
494 61 494
200 845 110
297 920 389
551 76 420
465 373 635
671 596 697
435 756 762
599 206 579
463 807 978
518 111 542
29 965 487
211 873 992
410 198 569
37 806 336
509 798 186
267 338 492
788 604 951
235 127 138
537 246 211
931 434 574
775 625 949
544 97 56
284 96 887
103 283 914
222 802 346
787 918 675
988 310 375
803 283 717
930 878 932
524 451 177
536 530 680
179 338 563
12 376 195
822 726 239
291 973 159
414 190 251
485 406 340
567 111 58
916 978 827
277 828 852
913 375 304
749 991 19
711 795 433
323 1012 161
296 25 215
883 627 429
255 13 321
759 601 492
95 286 26
666 978 1012
822 210 754
202 158 373
975 419 816
148 26 530
706 58 347
785 902 539
818 115 164
677 409 496
144 21 400
101 1013 999
996 221 408
265 970 499
286 489 748
868 126 647
929 47 423
656 994 712
378 423 544
656 465 649
821 312 890
817 585 426
306 302 122
409 583 824
633 570 301
656 882 493
417 723 960
104 382 747
765 678 711
611 147 20
968 927 950
472 242 267
526 178 544
518 113 5
250 315 288
900 726 193
172 770 104
366 529 646
227 737 851
728 735 652
69 134 407
87 754 350
271 71 919
636 124 419
763 175 861
216 512 406
176 942 335
634 387 474
776 258 992
124 975 650
231 200 673
90 863 964
734 1009 667
51 620 819
26 446 329
146 1023 288
689 583 473
443 852 63
722 407 700
48 722 796
461 56 321
816 478 640
47 670 239
736 314 36
456 23 376
388 740 647
5 832 337
768 664 538
92 844 912
451 690 163
303 457 335
8 729 232
755 295 227
162 610 295
975 272 746
605 977 605
733 299 900
403 915 702
536 468 332
350 339 352
135 795 173
358 902 643
163 664 208
200 546 147
604 391 474
795 519 157
1 649 149
922 263 916
562 844 244
489 721 507
775 540 262
84 101 49
468 390 617
211 885 734
707 274 434
1009 871 84
312 77 867
125 443 693
936 42 193
834 913 127
724 373 648
827 332 463
351 650 577
174 913 980
433 639 996
930 300 46
146 529 149
124 788 526
282 85 719
271 453 911
419 281 248
603 470 349
849 45 364
973 127 136
940 587 430
718 788 741
415 528 619
809 465 515
524 608 881
907 162 1013
240 998 317
975 824 858
310 527 937
417 726 858
468 694 109
160 283 347
583 359 588
654 333 979
683 508 323
396 382 850
81 562 132
503 564 650
587 762 699
723 227 376
800 797 481
350 384 25
769 920 76
804 370 538
102 780 644
102 200 58
675 30 232
322 222 224
278 651 419
5 82 572
65 979 753
669 883 642
794 377 542
915 18 489
6 383 708
778 442 227
246 212 98
419 942 784
641 446 749
636 3 729
722 599 57
369 890 37
259 110 661
96 952 951
813 428 694
650 716 127
588 38 401
50 65 873
638 597 530
776 335 877
434 777 978
949 755 922
200 641 678
712 737 253
827 179 904
614 292 978
26 287 945
971 570 882
306 820 889
468 496 813
92 989 144
784 502 767
331 236 328
853 799 850
499 420 726
813 741 480
855 101 450
821 475 668
1013 22 496
999 647 742
67 46 208
25 711 528
985 358 724
218 54 30
726 661 164
951 752 219
202 519 481
553 665 1020
914 987 15
698 742 1003
327 848 663
107 93 79
420 453 793
253 623 790
378 407 924
516 709 208
543 167 24
847 213 700
852 1022 54
15 727 510
209 464 633
401 243 767
988 749 998
471 551 540
540 744 784
44 953 193
129 51 851
538 393 806
617 634 921
841 511 230
49 213 284
149 231 638
918 39 289
545 731 822
832 985 244
494 576 293
938 716 918
361 357 315
691 981 560
204 615 176
942 799 190
623 318 533
914 952 33
255 721 425
230 481 903
638 806 521
626 967 425
146 794 432
559 316 175
141 745 369
7 294 563
668 954 327
3 391 165
99 771 199
281 599 40
77 638 701
178 597 193
682 505 252
884 971 294
558 64 622
534 634 246
344 483 1007
1016 36 1022
419 482 887
583 174 839
782 192 22
91 482 131
846 356 393
143 628 639
943 399 650
621 163 444
437 398 425
230 418 723
567 463 973
482 744 166
420 896 170
270 892 34
852 245 370
716 758 299
541 460 326
249 363 37
454 101 202
334 100 726
461 87 86
139 478 985
487 168 286
635 162 601
94 383 786
381 2 679
377 538 323
338 506 491
225 883 393
425 521 210
960 68 371
71 905 220
430 284 750
425 902 659
285 533 778
815 48 199
82 440 0
942 562 27
215 321 909
329 244 746
959 23 127
798 703 872
823 305 179
161 783 674
472 130 973
521 395 152
931 820 88
772 1002 413
234 823 39
785 161 669
743 1023 272
687 30 17
955 354 664
70 991 100
1017 1000 170
821 595 462
445 472 813
113 513 778
769 522 181
373 318 138
135 754 656
661 324 885
695 203 860
796 402 452
836 469 575
819 711 844
536 721 338
239 220 765
519 1023 567
202 369 901
927 1010 725
56 704 899
332 203 760
466 295 583
58 397 81
609 931 744
657 134 240
6 351 930
26 621 193
511 373 904
82 583 449
896 645 263
291 747 778
304 833 626
261 28 605
420 150 52
719 499 523
316 898 18
282 412 481
88 845 693
167 812 50
677 686 160
125 188 658
594 458 485
611 480 315
602 810 936
121 541 582
561 257 342
93 748 805
260 252 17
672 455 411
144 552 323
661 182 273
871 854 829
879 748 606
152 611 7
260 196 675
543 646 731
642 661 333
399 924 808
279 119 687
365 160 334
593 576 277
6 147 615
254 790 992
1010 550 699
666 756 719
457 538 736
659 920 466
215 274 674
528 174 733
987 952 369
552 935 294
718 409 127
663 813 880
77 329 605
257 137 950
402 844 257
535 193 742
995 310 680
31 196 104
944 696 225
19 749 337
211 951 778
786 756 226
361 458 91
982 791 368
93 168 665
329 651 896
475 281 252
34 488 518
155 936 783
63 655 84
363 463 364
471 288 61
934 1001 533
969 402 36
456 599 557
383 161 134
962 984 614
102 442 916
822 999 904
956 524 552
703 468 176
222 392 569
425 1015 1
1001 961 926
911 261 721
364 799 746
34 258 737
778 604 134
173 158 426
42 833 611
648 1003 736
15 426 585
349 433 162
16 70 792
195 517 873
562 702 954
1000 793 843
640 899 327
412 140 854
559 603 1016
766 908 51
534 520 625
80 853 496
539 354 553
497 526 82
222 730 244
136 568 321
362 225 405
897 180 145
891 67 836
690 282 723
212 562 789
1022 2 276
356 196 18
911 308 899
220 392 845
32 835 437
240 460 760
731 851 93
183 572 543
851 930 422
770 491 679
912 531 559
870 157 502
348 819 517
886 436 770
441 79 573
834 249 153
639 323 714
326 123 833
1013 46 206
309 905 690
646 676 34
272 819 757
920 293 940
369 185 19
586 89 481
996 385 311
655 781 172
266 524 134
625 344 295
330 573 633
802 345 495
539 438 936
574 584 965
670 592 500
524 799 77
983 436 6
503 307 391
289 886 384
380 501 519
154 798 823
33 549 38
438 477 500
77 1006 660
361 650 102
953 1006 1021
913 197 62
200 464 345
737 428 629
41 974 594
518 927 444
996 500 370
243 617 133
796 565 982
520 350 305
511 105 26
953 671 250
169 362 418
193 458 152
934 929 108
358 953 934
219 256 112
919 5 420
400 150 105
64 911 835
564 745 489
222 270 526
786 527 480
675 772 158
780 269 493
704 309 18
135 579 50
25 552 182
861 794 520
992 20 219
865 54 598
150 987 641
674 992 709
496 985 948
572 492 34
85 914 2
65 274 755
637 802 580
968 764 145
397 739 632
455 153 841
398 386 404
754 892 514
390 696 805
506 858 455
155 914 996
690 728 438
179 440 984
546 622 171
943 978 737
818 943 286
862 949 34
600 585 1023
92 1023 106
915 129 434
319 36 13
417 131 824
111 752 625
966 882 634
145 741 308
553 263 125
780 213 112
861 300 437
247 596 217
618 713 401
100 417 243
497 37 167
638 686 91
516 937 816
529 496 196
937 539 21
900 463 776
767 242 716
344 530 847
967 189 207
419 190 301
903 2 828
456 778 279
481 131 1013
964 951 433
123 599 113
85 48 151
811 291 408
470 528 603
253 489 481
373 1017 755
909 490 893
504 62 981
740 93 451
844 927 586
171 574 995
154 648 285
124 809 988
368 702 117
32 484 864
136 12 1016
677 68 765
339 500 178
571 35 232
763 1011 345
377 505 96
174 827 263
244 613 573
811 47 342
250 9 739
544 486 612
919 878 854
837 503 108
761 824 844
470 559 954
444 57 1001
97 16 642
12 1023 964
200 545 799
898 558 269
565 30 685
114 688 581
46 406 208
679 562 488
277 317 813
730 316 721
262 493 632
125 399 785
364 141 365
734 398 881
631 80 293
467 449 138
211 320 189
785 740 624
826 143 566
989 221 884
30 940 201
131 757 572
650 358 393
256 420 1010
152 48 9
916 927 255
308 458 503
215 583 9
18 270 869
202 91 106
662 557 843
775 31 143
193 749 660
27 378 581
284 454 919
43 221 930
880 25 95
173 232 936
191 322 684
307 863 579
41 710 4
729 587 729
894 655 61
389 816 780
856 292 305
23 357 502
961 378 248
352 519 677
563 579 988
893 501 886
602 467 745
243 676 2
106 963 158
99 215 540
346 673 683
307 25 477
5 226 725
553 116 613
923 724 770
299 829 429
659 418 29
868 634 952
170 765 269
783 1023 716
118 711 36
698 592 1013
723 524 535
163 405 809
759 103 399
257 142 95
33 7 510
58 523 467
46 617 75
448 766 550
614 158 590
662 511 71
412 1018 661
283 981 43
507 1019 1001
117 690 68
448 786 328
882 406 780
743 947 705
738 44 717
35 412 348
1017 237 632
189 478 493
155 113 615
94 766 801
958 717 391
337 453 342
719 807 19
182 467 861
1016 270 643
474 342 586
1004 550 56
340 816 509
769 378 601
236 714 78
841 905 977
484 555 414
122 172 603
771 783 363
319 358 618
654 645 367
851 16 970
344 741 158
55 316 140
775 996 1001
192 970 230
199 1016 169
961 947 844
487 790 983
806 23 916
615 594 1015
236 982 990
699 925 394
384 898 305
776 646 182
520 619 146
365 549 69
893 643 843
356 219 647
380 478 326
1021 362 1024
328 179 1023
769 75 407
236 2 261
147 159 476
59 969 362
746 145 198
283 198 37
549 857 900
653 575 189
833 914 451
629 436 705
368 622 820
831 421 971
432 670 209
526 1004 523
768 786 748
500 883 702
772 964 10
353 798 86
697 473 221
0 9 96
495 699 284
155 229 635
357 956 868
933 203 954
555 590 556
911 534 208
382 522 272
534 309 251
641 757 397
496 269 73
424 270 2
559 248 315
217 490 742
894 382 160
283 386 322
774 174 693
16 216 844
785 906 897
885 297 38
488 469 778
796 698 706
35 1018 563
903 857 113
785 101 873
319 368 488
949 928 257
577 624 97
905 237 554
247 569 210
242 973 298
782 560 819
781 169 628
299 307 73
262 382 181
573 320 830
432 143 599
278 763 712
327 224 298
635 63 336
611 964 649
68 824 153
534 306 205
987 356 771
115 628 923
123 1021 756
523 22 133
711 82 960
805 465 510
522 559 457
301 665 413
481 123 160
539 716 305
698 668 727
410 395 826
952 44 602
265 1 832
260 550 249
522 251 939
230 811 418
16 353 98
753 605 378
935 810 664
340 534 541
456 768 911
797 3 1003
881 1023 238
76 951 903
173 663 449
820 830 802
101 788 982
60 611 63
728 992 674
186 856 4
774 157 919
682 124 46
185 490 572
324 184 744
61 162 164
403 1010 301
563 532 520
1015 133 378
104 955 698
375 430 238
764 633 788
928 868 735
427 807 380
39 877 915
802 796 224
305 301 408
572 964 460
942 327 224
111 279 951
419 166 218
415 92 329
844 145 588
486 537 997
9 940 1000
327 285 655
664 836 818
952 186 227
440 601 568
159 433 429
303 992 304
618 292 606
653 369 561
929 736 678
279 387 940
633 565 435
701 1017 614
690 216 855
203 132 635
411 982 234
548 388 428
399 805 135
552 398 963
645 361 465
269 744 33
724 303 658
386 302 820
247 739 431
971 268 136
133 927 357
758 321 904
443 509 892
644 536 27
730 143 529
455 787 59
233 761 229
910 763 406
290 192 21
307 381 203
1010 465 463
652 770 678
760 851 448
416 912 171
273 827 583
492 394 317
196 361 188
814 703 189
1017 286 372
891 238 508
353 611 880
470 541 740
155 425 661
510 661 333
613 15 965
796 839 0
657 442 967
912 347 581
164 830 519
833 186 332
5 502 770
296 118 230
176 850 574
619 493 57
60 34 685
406 127 836
874 764 57
614 228 448
760 914 530
566 193 687
750 625 583
948 753 31
215 558 5
411 770 243
831 27 272
670 472 949
980 252 933
577 857 682
651 439 534
164 537 765
915 740 16
596 822 630
874 82 794
1007 804 875
129 944 987
583 772 812
965 914 618
30 924 1007
226 83 282
625 593 4
164 660 160
385 522 672
552 514 282
355 880 373
186 909 695
435 222 688
604 372 728
232 567 446
526 419 693
439 334 142
152 508 946
887 243 418
875 769 172
794 876 373
488 221 1017
687 822 119
786 737 642
985 41 211
593 158 224
186 132 1009
884 775 7
676 777 566
854 687 275
881 190 470
922 256 265
791 24 536
64 728 531
543 439 881
816 66 459
104 935 544
652 900 794
51 148 698
100 667 710
52 230 442
534 986 544
812 526 639
494 442 180
149 130 1001
272 758 717
710 179 382
104 350 842
248 974 177
775 809 170
614 418 349
399 559 606
563 28 164
764 492 732
112 650 542
474 109 636
437 770 87
914 376 830
442 687 779
298 930 423
777 1002 715
735 118 598
861 727 466
803 59 598
833 582 291
527 438 280
795 836 168
742 608 865
99 584 986
557 519 431
420 767 1019
268 807 853
570 119 246
473 969 42
241 223 756
684 644 942
170 98 552
923 313 950
588 788 593
912 106 95
189 260 222
784 990 885
732 541 29
929 165 872
619 929 971
936 886 826
924 180 885
586 220 880
408 229 534
133 225 831
935 406 300
980 163 777
675 83 505
788 748 486
365 399 712
978 720 609
116 164 483
658 792 422
293 102 568
646 363 5
168 526 428
669 835 403
746 191 448
714 638 542
636 252 477
164 200 598
90 822 719
547 640 865
610 155 637
109 987 771
225 139 101
900 913 421
709 648 460
873 66 999
905 10 960
496 384 842
397 199 804
556 478 307
212 394 907
859 390 800
523 760 89
503 679 252
510 582 501
659 271 996
678 284 424
833 83 1014
317 864 683
836 405 16
1019 980 7
28 952 659
542 826 587
310 843 848
557 705 701
345 684 817
898 808 943
742 86 369
200 91 991
946 133 1019
157 65 322
416 263 530
195 619 16
146 783 143
772 919 406
208 231 955
518 73 373
614 222 247
487 721 1012
939 323 409
118 209 747
130 704 517
764 38 477
684 998 417
940 374 751
389 901 615
190 958 905
714 924 694
634 267 1001
924 399 542
74 593 93
546 458 953
851 350 332
657 675 761
533 781 711
344 601 880
1010 479 61
560 929 861
355 597 364
787 660 265
256 649 711
968 496 942
281 844 467
604 342 525
291 495 50
68 735 375
400 220 210
441 608 356
46 875 572
855 650 783
409 286 567
573 377 408
166 402 911
62 793 76
961 956 342
1010 327 782
555 722 981
140 8 629
147 848 265
769 671 432
205 840 754
281 233 103
422 295 489
663 14 1013
1015 880 651
988 695 625
52 278 338
233 336 238
558 494 180
942 269 444
753 723 493
1023 822 296
700 115 188
495 465 588
145 625 807
163 880 465
847 808 237
551 953 291
535 579 811
754 360 153
34 438 411
808 702 550
172 394 530
369 1005 444
894 20 936
370 961 738
819 347 48
655 211 361
177 594 492
568 87 104
205 902 343
221 362 480
140 693 748
738 290 664
726 418 954
605 811 911
913 556 764
862 747 31
949 943 949
150 6 826
874 445 174
585 846 627
5 770 405
102 692 261
1013 436 227
130 697 17
319 609 838
989 79 980
477 464 305
78 6 340
827 495 85
42 531 235
717 180 594
153 639 366
341 59 706
653 391 909
916 350 180
435 139 102
997 327 31
12 40 174
369 1010 221
468 739 986
963 776 483
26 965 936
669 986 703
735 657 845
218 968 573
37 125 826
612 989 561
350 663 768
1003 488 700
818 40 664
493 470 1019
975 908 984
571 87 243
514 8 218
28 675 535
412 331 100
1010 29 823
499 133 228
15 706 9
510 53 681
907 1023 322
879 800 11
660 107 53
288 604 85
233 698 933
598 99 939
446 257 914
865 1022 537
715 754 167
304 827 361
280 787 760
466 846 430
553 202 430
441 861 750
28 324 146
822 169 265
666 985 80
840 713 630
29 133 161
397 794 926
881 209 62
94 703 404
530 427 963
997 1011 120
290 987 98
343 911 521
534 211 159
75 797 40
136 352 912
748 882 682
933 373 714
515 280 173
440 552 970
224 996 62
321 247 786
556 887 30
82 256 444
610 106 991
588 151 398
587 182 811
368 588 86
751 412 770
118 297 460
280 423 444
1 147 705
226 140 644
379 657 347
343 626 508
157 181 405
700 254 581
241 722 418
187 881 721
280 569 147
667 6 106
451 557 30
251 439 760
266 334 165
829 141 1005
651 345 248
985 906 729
413 557 347
320 185 988
703 217 260
730 217 577
425 766 657
181 297 620
421 909 876
205 118 130
690 562 191
281 606 773
677 724 91
983 969 309
452 307 298
263 189 944
268 260 175
110 897 54
276 409 835
213 316 736
1009 644 799
882 132 609
108 746 1019
871 32 9
1005 838 644
399 854 657
537 1017 137
67 305 833
937 529 40
374 717 712
552 468 599
784 293 10
190 977 82
888 575 195
197 648 85
669 219 523
962 284 565
283 235 114
320 649 518
237 161 18
798 729 394
402 409 194
360 656 1023
877 865 456
1010 513 185
524 425 790
73 781 455
818 295 951
313 521 240
452 499 17
627 255 944
404 164 906
50 35 659
315 40 332
365 504 69
242 649 600
57 532 588
843 670 138
966 349 249
415 97 908
751 74 769
156 251 680
868 35 369
5 788 387
714 263 337
628 151 42
735 473 792
215 999 891
666 491 480
392 750 1010
591 510 587
410 17 193
240 440 383
244 361 257
986 191 801
858 396 28
166 65 359
403 775 246
433 246 243
195 617 467
652 560 861
614 65 131
778 538 606
749 438 851
820 324 957
622 623 412
842 963 760
879 808 21
786 205 734
516 152 207
155 637 800
653 357 150
949 455 17
412 616 1002
397 190 358
572 646 16
202 241 896
607 574 722
823 556 453
912 504 480
355 439 405
430 4 333
217 615 764
551 1016 278
964 796 650
75 359 1011
855 839 731
87 767 859
441 163 343
720 28 462
868 106 858
488 119 300
956 511 833
509 511 867
53 525 438
2 569 341
34 945 550
963 1010 494
560 732 592
458 668 886
466 717 36
454 333 771
374 347 500
874 852 905
67 658 571
710 554 968
762 145 667
479 316 851
825 6 1012
586 1015 909
334 734 85
503 765 516
703 343 703
958 158 651
483 286 661
160 969 994
694 210 782
998 995 370
540 868 376
1011 856 974
354 973 200
947 30 128
539 765 153
462 534 30
901 346 44
0 430 506
984 554 955
0 217 345
582 28 190
566 966 544
816 750 490
761 207 222
343 64 443
262 520 456
183 789 103
256 191 383
515 571 66
470 880 272
726 385 1014
167 676 935
723 542 818
414 320 871
656 655 880
699 289 513
473 461 373
507 659 690
947 899 798
259 367 175
1008 167 295
944 477 723
452 729 374
582 409 642
501 1001 1011
487 91 551
302 641 986
696 781 53
904 758 179
361 258 784
367 948 997
716 592 358
316 959 439
481 693 854
714 15 208
640 844 983
983 467 942
320 201 724
120 589 816
121 52 692
484 625 599
358 406 780
996 124 764
104 976 41
286 707 959
1003 653 917
382 920 291
824 488 416
641 617 268
878 987 194
991 44 210
664 127 610
821 245 625
518 582 395
818 41 451
533 771 81
440 758 45
515 444 794
654 523 642
721 526 546
942 69 834
0 752 1024
550 901 1003
290 607 62
426 903 189
398 46 274
789 875 311
259 282 111
123 436 784
814 759 977
416 621 762
905 321 509
542 937 922
188 165 535
450 764 443
79 512 21
24 848 456
845 716 901
720 448 465
868 745 872
612 631 217
438 177 224
999 56 738
953 687 294
895 349 426
384 661 164
891 19 763
732 840 295
296 146 411
142 369 113
276 164 459
625 511 783
204 538 69
915 679 924
510 332 251
744 994 499
366 558 709
716 247 172
881 169 920
724 420 232
901 722 550
863 1004 554
252 103 53
486 674 645
31 757 427
321 838 900
239 320 713
562 420 957
982 186 845
999 749 158
538 34 907
854 414 899
951 583 477
990 955 518
368 180 365
238 613 825
42 159 539
486 74 175
747 141 467
1021 479 754
676 567 200
592 930 705
279 173 225
307 235 194
974 584 79
510 393 317
209 450 414
713 886 963
389 587 40
87 1022 439
710 1015 478
836 990 910
949 451 840
541 130 958
561 973 37
229 625 173
136 985 796
844 432 285
899 462 904
66 63 997
477 306 642
299 11 245
45 880 725
26 412 862
186 461 334
340 133 516
569 642 920
383 1009 468
547 766 146
254 613 258
171 710 967
964 691 299
210 149 572
861 203 849
997 519 435
813 72 135
523 682 983
244 589 852
125 361 24
227 414 587
300 42 994
923 423 742
143 586 32
736 539 951
718 961 175
331 652 797
62 912 305
504 119 366
550 714 948
1010 254 744
100 127 520
928 531 487
892 649 788
969 759 238
958 736 857
503 927 911
691 124 5
564 236 173
780 240 479
660 653 781
33 994 929
579 959 959
424 867 1014
908 514 83
976 204 33
677 663 201
157 111 818
272 59 135
479 715 873
267 144 645
472 644 867
787 316 420
705 422 443
772 336 219
388 340 79
582 335 170
941 738 590
480 85 432
792 850 256
719 308 20
766 151 616
141 690 957
531 538 40
203 569 570
