1024 4096
352 372 -81
36 781 -612
730 390 264
643 817 -905
393 293 992
234 174 -648
977 89 569
766 788 232
197 1001 -771
785 713 -429
587 778 103
346 334 -436
624 729 -532
966 825 648
694 168 -166
920 334 -53
136 183 639
222 115 -829
878 863 836
613 348 -355
463 740 603
472 404 -716
291 330 63
510 913 -411
563 556 820
864 68 -976
383 432 -2
873 782 604
352 420 -824
484 576 113
784 651 -583
600 186 -387
469 767 -313
196 811 -28
497 420 -532
963 716 -423
55 620 -462
115 970 -496
763 1017 -962
475 169 803
264 985 336
853 512 214
120 303 1019
417 288 -862
375 615 953
168 658 358
708 415 -634
879 357 -836
995 178 -373
838 727 889
919 271 -1020
336 907 -944
125 474 590
364 818 43
764 283 -503
258 908 -684
346 462 -17
589 173 -346
151 250 -201
877 141 -586
217 607 1015
192 529 343
492 693 985
571 1003 35
238 81 -102
925 369 661
317 252 -575
39 919 -362
583 731 291
548 938 -639
363 674 933
72 606 -587
21 73 1000
72 150 -998
118 693 -219
259 735 674
413 199 1011
345 15 -420
739 130 -976
958 355 115
856 793 942
248 90 -600
691 176 -949
1020 23 411
393 216 -785
904 543 230
224 42 -682
566 128 630
148 579 -836
297 667 -380
886 64 260
305 771 730
928 609 -478
256 994 -239
649 343 82
544 423 -904
472 435 735
877 443 810
383 276 18
944 600 65
933 327 893
947 504 441
761 31 799
90 325 -969
407 259 -331
8 559 -885
288 726 -527
1000 629 745
251 345 780
303 621 934
375 426 328
419 702 614
598 311 -594
889 567 -432
585 732 764
862 526 378
834 560 -703
711 752 391
340 529 1003
162 24 166
303 538 715
27 891 1
259 220 -211
767 473 -286
943 736 -88
551 399 503
118 312 245
322 210 -114
29 623 -575
427 638 539
445 212 -259
21 260 -139
561 889 -173
124 709 -88
987 770 -569
936 220 88
866 257 672
61 96 -127
974 403 839
352 308 -694
591 135 -516
533 383 -130
402 226 266
316 945 -93
148 542 729
545 275 330
871 696 -782
110 676 647
668 968 612
733 672 696
603 365 681
755 247 -261
859 178 366
763 820 -427
411 993 -641
746 100 -191
82 773 -18
502 523 -1020
72 267 -535
579 826 462
892 650 -392
405 434 201
588 765 -854
340 41 626
360 619 404
402 982 -640
909 700 -740
5 933 270
179 633 -990
490 395 563
196 452 -272
50 720 -301
462 274 648
56 140 722
792 806 409
150 178 298
35 371 -703
728 215 -828
192 80 -995
21 605 527
272 730 895
873 85 -913
765 574 762
435 139 59
676 988 886
589 972 96
519 160 623
433 889 824
171 320 35
538 980 209
452 966 884
553 191 620
185 618 277
566 87 140
257 626 492
992 472 -931
631 453 -142
847 1014 321
145 347 -856
988 1016 546
320 261 -935
489 165 -728
624 763 119
784 441 155
383 579 -445
773 375 -403
203 540 33
158 842 262
384 823 -370
540 629 -383
1020 352 950
721 428 -391
267 142 670
556 1018 436
228 1023 126
998 576 987
824 875 208
367 999 346
805 80 -228
216 123 -464
709 122 561
953 533 -867
438 335 -491
447 986 91
419 977 -717
736 344 -626
802 404 -636
319 674 267
399 704 -91
487 728 -696
576 864 -548
786 309 83
861 463 -796
782 823 185
307 9 446
305 62 346
191 500 -984
204 422 -816
155 742 -369
788 1020 695
135 963 0
457 702 893
164 999 704
656 580 -174
232 797 269
624 992 683
160 985 -721
913 204 357
524 330 135
959 615 -68
570 597 -400
530 333 -623
244 199 915
98 995 -58
787 860 693
257 645 -847
472 411 971
888 169 442
301 572 -704
513 628 42
369 133 -804
784 600 902
22 906 -252
941 649 438
173 581 -120
724 529 -639
8 703 297
753 546 -184
717 481 883
583 284 -31
850 344 -922
94 853 62
1020 1018 908
609 419 -549
1012 570 944
823 502 813
661 485 -89
899 495 663
847 980 878
847 873 -478
716 928 -219
283 415 -524
117 66 522
402 550 -232
817 9 -419
46 656 557
207 406 778
846 358 50
838 21 -137
130 851 546
649 580 11
810 828 -474
664 67 -419
993 742 -905
173 161 947
859 801 -810
84 118 187
7 786 -842
934 515 -967
501 130 -708
714 1 931
947 558 -388
73 5 839
814 507 -175
848 606 -711
933 833 -547
703 0 941
172 571 -237
568 883 -684
512 501 -353
68 364 906
990 864 882
780 291 -528
467 4 -666
127 879 599
466 205 877
545 439 -765
886 155 744
417 222 750
829 671 697
975 90 -788
771 453 -138
544 12 32
880 954 -26
501 553 -789
781 419 -386
140 86 895
847 914 -684
135 296 -560
359 411 -555
293 733 -612
875 801 477
716 631 462
451 896 479
932 686 -980
927 431 1019
286 499 -825
604 229 580
582 591 -149
96 800 77
288 668 -738
151 868 1012
153 764 892
344 257 64
129 1015 -55
960 45 -390
484 874 871
453 796 91
737 501 -511
898 490 -465
355 923 -656
651 966 -512
910 721 997
902 850 407
241 917 842
504 359 -230
703 573 100
251 92 -933
85 165 717
905 204 -296
40 194 -570
624 491 215
614 371 -782
35 657 866
106 650 -303
635 444 -887
369 433 474
903 643 823
430 480 -617
765 628 124
298 101 706
291 413 -335
743 261 738
805 120 -506
867 60 -86
208 591 585
522 985 -477
324 310 -830
351 52 -134
79 870 579
947 768 -906
270 421 933
433 226 -229
988 682 259
394 710 -257
275 822 476
202 1002 604
526 571 915
797 674 -680
27 51 -859
48 622 935
787 349 -208
346 902 323
701 334 -166
411 189 784
704 185 -760
968 494 926
656 918 38
417 738 780
326 489 -993
316 529 179
907 417 -454
106 132 668
407 470 -609
574 1009 -20
180 467 615
196 406 -121
118 87 260
17 960 -880
148 13 409
799 830 376
770 660 -968
969 304 49
441 798 181
88 817 998
423 679 -927
1001 603 419
127 431 -338
613 82 421
159 578 867
623 121 319
63 391 1011
819 477 861
497 251 742
90 305 742
439 939 428
775 761 -312
672 951 1006
763 422 628
511 644 363
258 771 887
475 107 362
169 253 487
495 818 188
892 947 1017
793 436 205
597 399 -675
520 290 540
699 816 -763
523 704 -766
389 667 357
46 249 770
342 590 919
674 821 -107
313 509 530
60 694 -89
1023 730 -688
600 464 893
508 743 -894
513 801 309
905 109 -83
943 91 162
252 109 -589
914 58 470
891 786 -347
509 218 -859
768 25 919
254 274 -1015
274 254 92
127 199 724
561 593 446
125 354 623
532 147 286
69 224 790
671 855 -956
895 82 -726
485 418 -72
35 601 -325
887 520 19
1011 5 405
497 663 385
382 934 199
486 1016 930
561 988 949
898 432 202
797 408 -221
5 329 -250
453 656 748
1 651 -412
271 323 -924
178 541 -907
709 533 284
598 841 211
413 687 -82
930 1 642
982 285 954
1010 455 713
523 297 143
161 23 664
532 733 -700
224 284 -420
342 631 692
203 138 362
563 590 -1008
211 264 843
112 216 -962
57 504 -566
82 387 355
744 747 792
641 285 -505
73 730 858
90 159 315
600 215 -720
710 983 274
956 689 -571
133 859 14
185 844 -536
568 418 -245
580 648 -37
837 999 -508
119 50 839
899 840 -800
161 617 625
338 926 -847
883 640 -742
555 781 61
76 258 -545
984 17 547
884 350 -757
321 401 873
872 790 169
1005 280 994
135 675 -699
880 551 58
39 571 -981
389 727 -176
146 493 750
1008 374 585
832 635 -638
215 91 -154
365 1012 -697
177 482 -785
635 565 -419
712 279 -389
504 523 768
51 431 -291
651 942 966
629 161 853
366 415 -669
911 206 -964
439 258 -782
117 617 563
454 188 742
787 1 -214
278 290 221
127 678 846
361 479 691
981 391 578
653 933 -131
606 198 921
444 652 1003
312 823 -861
83 750 -654
609 120 -631
542 276 485
1023 459 -838
293 316 1021
114 762 -441
938 896 -833
797 156 662
366 130 527
871 87 -198
85 374 -2
438 71 851
124 550 44
1017 657 -988
581 899 -541
39 922 -933
126 574 618
1017 417 -446
532 87 539
291 709 233
786 544 -234
485 307 676
375 396 297
931 880 -821
666 108 358
528 962 306
853 856 399
660 681 -668
906 7 405
314 603 316
337 178 106
251 204 629
369 812 -718
248 472 326
944 8 -1
449 358 -634
695 792 -671
513 704 151
392 98 -427
467 730 -722
882 620 -355
925 804 -544
8 790 -529
848 325 -627
625 148 219
714 156 -758
276 351 791
510 804 -315
550 921 -213
599 669 743
235 790 -494
387 992 -501
377 946 -675
139 509 -819
641 107 172
446 569 964
891 507 -507
520 596 -250
896 597 181
905 927 -530
633 795 133
893 405 969
943 986 728
964 126 -769
661 16 -482
753 415 97
985 507 -222
291 185 -982
918 601 -530
500 548 -25
735 98 -551
449 396 -719
609 124 -679
529 388 12
851 287 -200
447 421 -527
71 64 409
706 262 -343
99 916 559
852 946 429
445 403 777
400 601 845
13 463 -757
384 245 -65
654 557 -1021
732 413 215
142 716 -888
926 166 673
384 315 -951
742 898 -579
518 373 730
31 992 539
970 280 350
281 805 -239
363 762 386
814 543 332
631 1004 181
618 132 622
126 1013 -574
985 889 -896
58 748 388
218 617 743
863 379 63
106 191 -694
350 402 285
1001 858 -186
244 623 -761
929 112 -234
312 199 -335
235 1015 129
617 962 -758
559 439 809
1022 507 -168
64 336 -181
460 566 -252
209 506 9
871 400 237
754 283 827
75 728 -384
973 434 -212
655 55 564
198 226 -105
755 577 577
282 756 -862
854 24 -1011
753 659 -562
33 894 778
531 539 -868
249 569 -285
378 605 849
379 961 194
914 578 535
104 955 734
535 797 -306
390 476 476
228 150 -104
982 668 -787
70 344 -722
221 597 821
261 773 -836
768 429 860
243 751 341
413 134 -144
420 209 185
278 1001 -527
177 970 -5
1000 734 832
314 206 620
359 284 -692
24 352 154
430 539 -889
655 677 445
578 321 -977
180 435 -288
498 613 -968
900 889 -331
249 24 320
92 283 897
851 750 71
755 160 -49
267 707 -539
346 1009 -917
782 521 -537
491 565 189
668 424 349
259 904 -951
558 511 894
1009 177 34
879 456 -120
42 224 -927
360 98 -894
970 429 -300
659 572 -530
962 708 -679
301 15 784
768 902 -498
951 800 626
805 63 -1009
273 473 -357
415 106 215
739 649 -961
435 638 472
876 774 -1016
401 352 -861
325 370 -456
814 105 -469
722 621 510
710 499 1000
920 807 -110
494 193 202
997 1014 -687
374 117 413
360 828 453
26 255 533
183 973 -789
618 817 1007
766 115 -600
197 473 -274
598 457 717
662 240 156
1 148 -69
346 650 773
989 749 -563
318 485 -190
377 462 596
407 345 206
191 121 -623
1001 545 931
389 166 -678
718 852 -751
96 774 914
330 29 -400
775 944 62
680 99 496
109 703 -901
358 879 -580
829 903 453
451 460 964
245 575 476
569 547 736
884 618 -232
781 969 -751
557 975 136
653 991 -711
5 821 -133
483 233 -926
233 312 59
497 631 -745
392 873 -60
52 715 61
778 155 599
652 541 -178
296 412 -895
325 730 75
731 447 -333
405 1015 -405
833 913 204
339 206 -816
418 256 -577
686 144 -633
1012 258 756
303 151 -357
787 731 -761
539 375 -291
587 940 91
211 325 -366
388 454 -1000
844 857 140
660 272 313
863 740 302
902 723 -320
296 456 -698
202 546 831
786 396 1009
325 81 12
342 428 468
64 511 249
747 48 -814
374 887 -260
130 37 -418
954 350 -905
262 468 648
301 800 873
411 992 593
817 70 -544
68 253 478
903 328 230
132 301 938
68 726 -326
343 241 -162
711 955 -644
1002 13 616
543 171 90
771 114 733
1007 1019 937
345 156 -216
478 474 -949
743 131 854
490 429 -781
922 668 -406
464 918 -331
447 85 545
671 373 -912
610 679 -492
28 919 317
823 696 141
129 795 107
29 350 -285
889 68 -517
1000 777 -217
843 335 -882
456 785 -824
875 540 -473
269 604 -396
274 813 859
581 373 221
353 623 181
518 41 -438
714 79 802
218 580 466
319 965 -863
405 837 124
580 701 -681
81 62 -938
506 288 187
92 368 -709
412 2 -229
682 299 -671
22 296 -820
117 980 -1
824 314 -166
664 101 98
302 428 78
713 31 -369
212 50 473
427 342 126
232 716 343
387 137 -468
968 143 -438
61 100 901
469 815 -952
533 212 -256
1007 845 779
803 152 622
233 802 -975
608 642 594
661 916 -916
33 933 182
890 250 -598
301 360 -30
809 30 147
55 979 616
1007 442 391
743 23 -507
1008 322 53
630 154 508
296 896 -641
668 763 477
158 843 -38
775 334 -291
810 144 16
658 349 518
974 262 353
844 601 -611
413 511 530
759 354 239
584 410 1010
277 207 191
703 410 50
71 17 -759
91 826 -741
316 208 337
569 371 -943
674 84 64
613 49 749
30 874 -438
326 62 271
131 107 627
490 373 603
412 1021 -639
919 163 -247
95 836 232
891 669 811
80 828 -978
677 222 298
967 692 1007
784 836 146
71 594 181
346 801 240
254 705 -971
611 429 -360
316 841 610
334 571 -101
295 194 322
724 820 -191
340 659 921
812 874 -179
256 209 0
359 254 358
241 6 989
748 467 -499
610 498 454
69 444 -623
121 694 283
976 902 -815
922 112 -84
1011 873 -357
486 990 431
705 845 -492
366 963 42
16 685 197
1014 632 -76
147 26 633
389 410 -71
139 849 -921
229 294 495
850 61 592
70 268 -315
490 220 -430
236 956 -857
508 636 -871
701 253 984
417 366 -671
396 341 558
755 106 -186
303 984 703
847 907 -761
303 229 263
352 666 -905
105 880 278
782 327 -506
191 540 -97
416 726 966
1003 683 361
357 543 -75
272 898 918
76 28 84
111 170 -870
330 632 472
715 2 -545
266 507 459
801 317 -408
361 234 -335
58 348 330
47 389 -118
234 986 -450
198 501 -589
494 806 -590
21 817 184
42 371 -774
904 565 -553
578 996 -444
472 149 316
869 943 351
948 947 -186
142 266 -217
194 935 871
279 461 377
940 380 154
942 764 591
277 204 -559
208 903 188
389 23 703
211 967 737
47 213 -310
807 905 -934
456 168 608
135 749 45
150 666 -770
822 87 -642
758 104 429
926 965 108
87 700 -843
850 900 -729
132 131 -997
802 1014 522
474 530 834
51 739 868
247 340 124
221 571 565
750 532 417
754 922 -588
306 680 -789
521 167 401
770 858 -216
293 43 653
699 634 -919
590 615 -235
897 834 978
711 79 50
1005 897 375
938 250 -149
15 410 683
355 231 126
57 784 -9
781 196 40
352 656 -572
468 499 -254
472 957 337
608 991 441
313 675 -730
863 265 954
332 639 474
148 235 -805
566 853 596
766 757 893
381 656 -45
162 861 -421
108 143 -800
778 996 516
220 783 -33
362 135 454
48 820 -245
919 103 635
353 745 -465
1015 664 759
117 146 776
67 97 -938
396 458 834
700 0 -116
734 84 -274
70 919 655
967 524 -723
46 988 -366
619 480 610
499 20 -666
425 808 -676
831 159 -218
461 252 -491
297 226 988
861 883 385
24 671 280
816 888 -637
752 233 482
356 1020 775
296 375 -735
382 665 -763
270 534 -609
608 559 770
849 866 787
561 337 -341
590 938 431
0 230 -31
515 9 40
147 592 -505
926 1006 601
131 870 854
903 36 647
116 455 6
462 386 511
969 63 385
343 740 165
99 443 69
294 290 -803
405 433 -961
986 187 483
959 931 -313
700 894 268
370 282 -586
697 772 -7
411 227 24
536 697 -856
801 667 -261
381 302 -660
681 574 739
604 922 -472
464 993 -484
843 80 -436
305 742 -97
592 187 -40
840 704 765
42 389 -764
249 958 -948
449 693 837
999 91 300
546 913 -757
52 542 -681
217 211 574
1013 406 -916
477 1 -715
339 261 -675
176 502 366
988 619 790
38 262 814
589 705 -273
853 633 -117
205 434 529
342 830 341
1007 433 -148
810 274 -439
450 757 536
929 947 1020
125 132 -87
54 120 -511
512 236 -1016
67 76 226
163 70 -833
608 730 -238
255 383 -544
263 194 -1006
165 317 21
279 67 -824
823 552 284
406 833 743
235 527 -484
587 929 224
563 118 244
468 108 861
1004 539 -810
959 549 -574
741 880 94
815 122 86
292 1017 -190
622 250 376
720 577 638
136 198 237
352 704 -441
651 170 875
691 1014 984
889 259 576
487 319 159
207 82 74
664 524 898
719 638 41
597 149 -813
337 22 776
68 375 -425
308 16 -964
258 531 -648
177 898 550
891 198 332
924 867 -156
595 226 178
251 87 749
624 967 251
773 241 710
946 881 609
747 641 623
472 517 -134
300 979 3
9 139 230
998 873 -793
308 163 259
518 188 362
757 62 -221
192 822 746
809 312 -266
432 433 -965
605 931 809
644 534 829
589 346 -895
358 85 -289
167 836 -1003
401 497 256
910 265 215
758 447 -605
224 75 -457
433 993 -579
854 805 -629
687 439 -292
41 772 1008
772 882 -820
1018 344 871
819 467 -518
110 167 271
783 79 -861
988 376 -376
330 105 -468
609 1007 155
362 194 -117
472 121 25
938 146 443
117 212 840
128 693 302
302 737 776
234 620 -139
832 882 6
98 736 250
826 108 -509
816 599 650
393 942 78
121 541 -386
830 407 -586
379 532 -786
253 267 -142
784 748 879
735 897 923
915 263 -66
227 774 -519
403 761 -4
220 22 273
609 901 1020
904 1006 946
729 78 107
199 314 -248
1017 768 -738
871 24 173
141 901 -203
658 431 413
217 402 911
964 413 -675
813 644 -852
707 322 -561
32 37 -103
887 995 306
34 566 -332
474 555 -549
448 25 986
93 334 -237
486 172 -913
143 462 -860
509 416 667
883 308 -553
471 966 -353
630 254 -810
810 704 -122
776 352 620
357 261 -136
288 382 235
34 87 -369
198 207 181
435 877 869
461 395 -525
932 123 486
479 694 347
851 909 658
547 153 -960
187 651 451
73 6 743
193 576 -147
51 1019 -265
419 925 557
434 306 141
775 1020 173
397 691 707
238 115 68
643 222 -87
655 268 -1023
846 552 1012
864 137 -297
471 875 898
538 707 50
880 37 316
546 243 746
612 358 -980
707 992 1009
443 719 -999
869 100 242
1015 544 -169
45 949 24
389 663 -528
134 317 721
934 976 805
484 216 907
775 449 639
1013 894 135
395 609 254
284 373 651
983 47 -490
1023 707 557
292 294 -629
1023 475 -170
286 960 -967
522 177 373
109 854 550
307 168 571
121 695 596
654 755 -822
584 29 -421
6 452 -995
204 938 692
577 126 -669
533 717 827
697 86 -111
781 743 -266
881 891 759
469 710 -719
341 471 -944
262 616 -810
421 320 -277
451 381 216
302 907 -733
292 792 679
941 648 -655
539 505 -378
944 965 591
465 752 -824
870 737 -850
125 11 -385
309 362 -794
689 490 400
842 895 -769
683 147 342
332 318 529
212 106 -451
187 359 440
149 169 -727
161 187 -229
610 696 -984
467 502 166
648 307 122
979 799 127
174 80 -472
461 577 -220
73 368 214
547 816 908
133 641 930
427 584 741
606 1004 236
167 354 -940
123 836 559
355 1016 319
114 807 569
0 611 -184
624 1003 -281
933 109 -408
530 758 -103
177 548 -534
215 931 -666
803 329 -195
408 694 591
233 678 200
982 655 -394
407 101 970
677 556 -692
544 867 -513
843 414 -48
858 878 400
891 687 763
334 867 -655
569 900 -203
309 624 -206
527 314 199
376 403 139
113 282 -416
967 494 800
778 199 471
182 85 298
79 845 -294
389 729 489
188 178 -427
820 767 -891
802 104 -675
96 792 30
425 487 834
154 998 227
591 223 214
449 856 -215
209 449 -666
672 963 -868
132 722 425
915 419 659
240 713 -610
102 1014 731
413 125 -563
762 253 -52
112 650 284
682 129 485
603 423 -923
374 100 -488
899 1002 -209
111 417 -376
817 180 -246
633 1 171
24 740 841
274 69 -677
648 306 -951
923 987 -86
543 57 -734
351 929 -994
818 464 792
660 864 -895
347 682 709
27 374 -1012
214 771 -51
807 70 -395
748 825 953
425 500 -346
306 859 988
204 627 295
267 723 -269
603 322 -789
770 70 -586
419 216 351
651 183 -627
315 800 1024
973 346 541
910 227 -761
675 609 -1024
619 625 822
516 360 38
677 217 226
812 319 582
837 379 -565
134 487 -362
728 798 195
801 698 -907
225 688 601
409 100 345
149 668 -90
177 967 242
38 778 529
979 920 498
448 344 623
389 73 -483
353 191 42
808 108 -320
485 641 380
67 1023 -413
643 873 -461
652 28 -1024
156 465 598
450 555 -729
734 335 272
80 644 -686
76 238 -492
255 532 501
625 231 992
740 157 -1017
11 350 -56
205 13 -177
294 604 995
537 699 883
354 373 -554
640 903 -21
288 811 728
92 61 -151
832 611 -394
1022 270 -935
897 388 -345
665 338 594
23 1006 -32
703 188 182
927 852 -535
103 827 121
141 795 721
33 457 -881
241 974 -985
776 769 -444
806 492 108
430 156 -111
647 677 -358
211 917 71
645 553 1007
656 853 516
839 515 -944
82 182 943
778 772 -967
210 330 879
138 381 738
105 215 -332
958 5 145
579 165 285
555 440 -758
701 1008 52
373 524 603
549 82 704
620 535 -978
731 842 664
895 505 -456
193 279 -297
311 827 365
47 889 383
749 695 168
969 153 285
687 776 433
1007 111 -177
125 732 97
515 547 193
128 374 -722
747 22 935
985 359 -733
192 867 625
653 950 49
604 421 -284
252 671 527
660 350 501
386 881 492
191 819 -94
227 486 -111
27 919 -601
344 648 -176
676 954 -751
228 824 -329
960 592 965
940 941 293
776 2 272
374 897 -49
193 711 -753
852 65 -509
69 902 448
1022 500 161
770 623 794
721 586 -285
143 708 -144
489 154 -863
171 279 23
874 227 973
783 767 459
433 491 -1019
134 326 -47
552 485 -327
169 386 41
947 190 516
996 881 388
59 857 -305
251 24 451
873 535 663
655 533 768
823 588 -163
129 997 -911
593 386 -181
377 83 -1003
167 968 -255
47 616 -154
115 706 75
408 904 521
897 12 -951
132 859 638
919 933 5
91 245 -830
250 795 -415
806 466 659
973 249 -38
155 58 -397
245 938 -610
446 68 -700
225 539 313
790 535 466
485 589 -978
238 788 212
475 160 634
322 126 585
450 510 -815
279 179 -402
595 567 -841
751 404 487
375 102 -984
666 520 89
546 222 -525
462 588 21
383 750 -324
618 925 530
408 32 -193
147 780 -850
1016 826 -913
356 29 -823
971 3 -720
575 533 826
398 387 -241
112 730 -109
977 707 921
147 662 -382
0 784 -530
598 235 -957
229 17 334
396 836 520
859 359 -264
655 870 -511
303 979 -630
280 741 460
613 70 131
104 961 -756
564 774 583
840 927 831
529 589 19
327 877 55
812 875 -203
991 94 -134
127 697 583
597 735 -874
885 209 -170
465 23 666
146 62 604
770 684 -379
389 866 19
845 464 175
822 960 -588
797 974 235
689 588 -681
376 1012 540
360 55 -391
72 967 -462
257 642 -513
837 522 24
116 688 537
933 253 624
347 831 -474
618 516 -389
281 870 -13
420 507 794
794 687 -29
468 300 997
866 1008 -945
925 336 -998
786 914 880
605 536 666
376 860 7
199 484 -519
463 423 908
232 397 -841
276 171 824
780 242 218
57 349 739
298 230 -748
856 783 -454
481 878 -225
538 555 -217
774 374 104
504 699 -649
282 775 -452
846 783 -335
318 331 195
823 903 625
245 706 1001
764 715 905
385 946 -867
833 274 1009
991 826 212
493 786 313
223 920 -41
664 198 368
387 749 -52
265 484 -512
82 355 -282
96 664 -613
94 21 923
837 378 -878
115 500 87
331 469 480
790 402 908
608 892 -741
849 414 -795
44 694 -897
583 904 782
499 908 -245
321 94 865
252 74 47
389 162 -21
296 231 735
176 188 -194
406 532 328
97 881 6
214 143 283
524 104 -969
773 143 -291
141 746 306
721 413 540
456 110 -944
821 581 967
742 499 189
643 380 240
426 977 867
207 625 -462
35 849 -549
385 247 451
266 442 -857
599 493 440
790 55 -934
963 387 931
597 588 -860
81 706 -731
55 399 -688
1003 125 827
393 87 942
231 625 -33
971 654 570
80 337 -886
646 662 726
145 394 493
97 288 -30
740 855 804
665 914 -52
758 187 783
376 684 598
442 608 840
786 548 -761
285 937 214
1020 115 -9
91 86 -365
347 405 776
29 389 -922
170 750 -21
793 502 230
219 94 0
896 210 -77
191 320 162
548 674 770
937 515 199
350 444 75
597 672 -416
910 9 204
250 56 710
490 926 681
102 1 -749
902 974 162
307 473 243
154 281 -38
920 571 -699
707 418 -796
38 583 -927
194 98 -746
471 367 -338
53 586 -549
625 119 264
995 254 -148
268 998 -203
391 68 793
862 440 809
611 698 -49
911 706 -73
583 969 162
255 965 137
708 899 911
571 142 -210
72 377 408
318 744 -142
39 633 -568
186 357 541
532 157 160
410 837 -1016
114 838 704
461 205 -803
463 230 -792
638 118 -70
254 556 -437
417 946 -651
771 11 -414
880 69 513
486 408 -649
398 845 399
291 183 352
139 892 115
34 9 949
554 506 -710
837 279 373
679 493 558
824 78 201
888 845 193
123 62 -214
806 827 -196
739 386 772
141 920 320
209 728 -884
28 966 -165
297 357 -463
656 964 -89
204 843 -14
658 942 636
611 604 -540
382 874 -419
169 110 -721
602 319 397
271 684 695
745 287 -316
503 797 -766
1012 817 568
57 789 -46
73 525 6
100 988 816
45 625 741
612 34 -862
842 300 -574
210 88 728
396 789 -941
953 60 -285
571 66 -773
935 821 45
417 71 410
212 985 22
473 514 -628
932 201 -418
209 507 -805
782 692 792
677 207 -864
664 860 525
226 339 -522
328 999 -949
4 114 -162
414 665 -948
38 641 -150
881 202 -416
916 506 178
31 99 -320
253 810 499
128 514 188
67 641 -613
543 702 236
100 365 -958
108 732 182
974 282 -344
824 969 -621
267 678 895
26 574 -754
417 954 453
115 571 655
919 661 -261
297 632 870
323 534 -487
636 168 772
147 964 -530
700 246 731
177 807 621
471 519 297
642 126 671
309 820 -592
571 384 -937
1010 416 310
475 600 128
366 526 -473
509 743 -851
2 366 -813
951 84 836
297 1004 130
246 989 776
443 938 -797
731 543 186
250 299 719
617 905 -353
218 432 768
786 435 226
934 289 878
670 660 -664
311 924 -291
49 500 -389
145 679 102
915 998 -894
516 833 468
395 671 912
330 922 707
833 269 748
280 1 -937
467 568 658
725 927 913
828 557 -175
69 498 712
590 312 -428
679 33 324
960 619 16
845 172 219
798 827 -805
277 347 -763
823 417 -47
273 529 -987
819 201 797
718 629 -229
469 618 -302
635 472 608
764 926 -711
900 674 -424
263 140 -23
270 432 -487
645 549 -454
800 26 -754
735 389 -473
725 288 -398
1020 515 -741
822 583 -552
141 286 -354
307 250 742
536 724 506
676 260 663
346 69 -299
986 206 -114
104 88 1022
946 952 -836
159 244 31
422 741 -980
56 595 317
528 405 -402
626 118 316
437 476 707
833 627 -721
86 871 -183
241 364 -876
851 251 468
265 450 -802
277 363 -720
627 63 -30
959 38 -80
671 812 -959
140 859 367
100 280 854
788 253 140
467 300 -755
287 380 445
648 191 187
23 434 937
417 808 286
237 536 986
419 369 -465
226 1014 -619
431 575 -792
254 328 904
721 361 -141
345 540 -17
804 123 -403
748 89 894
225 913 145
673 815 674
520 208 875
803 685 797
610 540 -217
208 650 -63
16 75 -629
293 749 54
780 80 539
558 959 -171
104 168 -911
835 507 -124
643 591 -378
903 493 -615
935 254 -797
992 693 736
135 628 260
164 385 -683
965 893 -137
310 931 -817
312 551 -1008
789 956 306
446 519 -677
874 970 -572
269 236 -321
879 229 987
862 922 -5
928 236 912
26 411 -606
561 1008 -639
297 372 71
391 105 -508
218 214 -1009
301 343 -953
195 193 -612
400 24 460
811 724 -724
537 188 -44
743 877 1022
297 928 -1015
405 379 -352
709 932 382
771 479 901
56 128 -265
374 96 875
100 172 -897
100 887 666
889 358 -499
596 608 230
84 522 -250
675 91 -848
385 625 711
741 191 -1002
67 1000 -1024
912 105 -640
743 26 -559
107 472 818
643 796 703
611 726 -951
105 335 -720
879 723 -59
706 496 697
321 762 157
144 1010 -990
499 851 -603
790 510 -613
391 380 -959
431 722 -889
743 444 440
783 915 -360
696 975 737
1004 795 -587
537 697 -542
972 762 -952
652 501 -502
991 547 399
994 837 -307
50 630 807
896 382 739
897 646 705
1005 632 864
297 505 -289
724 434 838
373 920 638
332 721 -554
963 920 238
146 469 -335
917 136 269
206 971 273
296 621 -307
172 497 -233
914 440 202
826 62 712
808 208 -461
295 941 854
503 5 -369
855 337 -378
713 369 -625
492 277 496
560 118 737
451 284 100
29 557 208
591 356 -1019
271 533 503
608 851 240
371 706 86
27 319 383
195 891 -311
577 685 118
6 1006 -333
150 533 -667
599 558 -893
219 989 -1001
727 637 248
844 66 925
257 910 515
261 160 341
12 467 418
819 199 -403
150 523 745
460 634 771
838 379 955
687 357 746
911 905 -899
620 219 482
1007 278 -223
855 1007 450
675 484 -811
750 951 -117
916 211 -233
804 296 -733
646 857 416
535 945 113
572 128 -361
33 6 745
547 691 -206
705 742 432
877 968 -402
782 717 778
126 93 333
236 107 -734
188 546 797
913 823 158
684 557 129
790 753 -429
605 865 -187
285 976 -653
694 135 849
684 375 182
118 800 345
467 243 96
878 503 -474
956 987 -591
41 319 -388
515 226 685
486 684 -539
450 518 870
829 910 -608
134 509 23
631 94 -692
852 59 -114
726 539 1015
65 658 433
317 1009 593
349 623 -476
805 541 -857
55 386 655
211 203 -252
9 872 1018
324 441 407
475 636 597
993 128 739
786 97 564
463 882 108
107 166 507
437 734 -226
936 652 -619
605 122 276
761 603 -480
1002 220 -1017
481 957 -725
217 224 -169
990 87 537
88 576 -545
219 772 139
481 488 -907
420 165 -111
520 945 -671
748 665 -254
988 725 685
523 893 209
98 209 -515
72 1021 57
117 524 -444
971 415 681
18 578 -539
656 1016 -381
479 318 -175
1009 750 713
434 815 588
128 106 33
836 130 1001
14 313 -467
836 210 -956
477 501 868
155 863 -434
931 86 923
287 556 509
153 117 -733
768 539 293
773 666 921
161 417 478
283 492 104
808 149 -343
368 925 -667
35 93 -566
867 570 228
728 460 -791
627 629 781
726 690 -105
610 28 -546
862 490 984
16 440 -823
218 265 -793
856 162 911
334 208 -361
1007 79 683
478 239 892
536 250 -487
774 760 699
175 705 413
441 57 -505
327 647 89
763 536 576
311 208 -873
606 21 -959
404 564 -728
579 66 875
734 709 -202
878 12 -631
586 977 25
939 424 -945
488 460 387
961 838 -385
762 640 147
258 764 780
668 271 -129
413 487 -921
703 154 -803
99 231 -301
295 13 -285
923 794 -1003
972 594 400
925 824 -970
15 28 -877
107 45 199
940 802 410
182 162 695
592 230 578
922 1010 82
532 583 -175
893 318 784
908 992 630
133 639 43
726 615 395
957 898 -469
738 68 174
253 18 -742
406 1014 649
796 70 -57
323 662 892
603 877 -350
188 100 -985
251 394 -415
1018 63 641
76 321 -517
573 448 623
958 207 903
465 1019 -417
922 869 751
171 161 -165
542 248 613
105 728 -735
398 270 455
732 769 826
359 827 -170
441 74 474
1019 506 -912
236 129 -152
555 328 -196
546 100 625
608 950 863
290 348 316
411 490 -1017
789 1016 -717
837 203 -98
9 309 -880
142 761 411
1006 217 -773
870 413 -625
537 122 301
676 89 311
472 973 282
391 237 -481
272 488 -353
66 130 -941
408 791 840
802 364 -212
556 805 -103
875 386 -925
479 415 -786
195 685 -371
767 792 125
215 343 677
873 397 -257
72 927 297
433 223 -990
948 762 -304
500 697 813
69 318 -36
412 297 -408
925 564 855
232 803 -761
812 881 -900
438 223 -995
238 55 -312
84 29 -298
55 459 -534
115 370 -261
502 728 52
68 838 190
605 429 575
94 357 284
575 828 355
430 945 105
229 812 -575
541 269 376
487 988 -883
444 862 425
777 266 811
254 447 -678
223 663 241
674 704 -862
715 995 825
863 1000 -680
776 162 234
378 543 1020
391 230 876
725 846 -595
74 243 339
1008 458 -420
886 835 487
154 661 941
148 288 85
233 642 888
601 262 6
366 438 -194
85 66 555
798 874 -205
941 249 541
97 72 159
47 452 1003
598 201 -214
402 882 -286
200 477 -427
119 74 -208
963 766 358
1018 427 239
284 160 288
123 882 553
331 363 265
778 697 -478
68 601 335
463 280 727
123 839 201
39 842 -367
970 619 -733
205 851 -678
359 936 631
74 649 1008
600 697 -954
546 430 866
614 1016 -398
378 413 -62
115 832 144
929 326 87
318 454 204
946 346 30
1007 801 519
276 824 -628
1007 417 -365
745 569 587
670 429 -871
98 841 252
243 305 -190
873 852 609
277 661 938
90 814 -195
502 611 208
442 896 -931
674 815 455
924 462 -197
634 714 -512
569 69 31
183 765 -498
509 415 452
719 840 -36
388 84 120
604 462 -704
220 870 -465
209 998 725
479 82 -831
912 67 552
256 343 563
262 343 -810
394 82 275
49 865 -521
782 605 -751
139 137 -574
195 707 850
602 453 220
429 479 713
892 181 48
693 375 -808
36 387 568
241 175 551
149 981 451
626 1004 -418
839 916 -958
413 884 -606
959 543 286
120 220 32
234 835 851
633 1001 68
194 140 -505
54 678 -64
684 885 685
186 733 44
317 837 982
355 1023 305
66 193 -330
211 742 -123
370 619 -620
1017 640 -770
490 651 961
480 13 562
524 373 -109
222 839 -775
724 520 206
101 417 438
918 870 -846
675 948 726
46 471 47
734 717 524
360 201 -260
808 288 702
347 816 -518
495 866 -388
962 173 541
378 497 -466
823 356 -571
496 574 -630
164 921 -673
891 66 89
424 354 -549
321 838 890
532 63 -19
968 839 194
1022 212 -674
419 19 874
349 110 819
800 746 -754
900 708 -665
728 53 -919
846 742 546
852 258 -167
37 193 266
176 24 -286
670 516 590
816 841 168
873 180 636
790 732 -526
1014 887 -193
614 160 -923
684 619 935
725 437 428
536 351 288
579 250 -1014
118 736 -809
727 281 -807
868 455 -166
59 264 -727
82 852 222
932 729 -373
18 358 -248
435 441 -174
229 141 481
930 420 -456
17 767 -222
41 346 765
542 938 310
505 638 -903
549 209 69
81 184 -502
341 33 923
125 855 677
191 25 993
398 809 -216
182 708 937
367 111 -291
752 24 -469
521 623 383
701 581 -393
920 397 508
139 708 -65
496 712 130
590 625 474
718 740 -693
38 844 -179
896 625 -939
771 542 963
415 694 522
859 807 -722
479 715 -764
635 381 -738
914 556 -843
402 815 -339
81 883 -219
126 191 640
794 352 -46
915 815 561
731 597 765
257 735 512
606 102 280
971 177 482
188 179 350
534 407 943
253 344 -688
95 281 911
733 221 363
581 222 -756
176 321 773
45 338 -518
558 132 -366
298 998 1004
355 442 292
818 404 -694
837 334 727
328 928 -869
509 104 -182
906 291 91
931 896 866
92 893 91
2 650 -345
97 330 335
758 944 -960
513 176 -402
473 579 442
348 793 -787
476 842 -350
279 753 666
589 727 706
649 899 390
127 779 -709
171 336 12
305 839 590
545 462 -207
188 983 461
777 737 160
938 132 -587
1011 279 -217
658 628 -45
277 4 928
653 278 177
574 535 28
64 561 -509
383 428 -408
9 704 684
69 171 375
720 884 535
72 329 228
221 540 -144
642 826 469
187 93 -851
557 279 58
266 458 -816
805 165 -164
252 917 20
370 346 -719
510 627 327
499 413 -271
1002 942 920
56 506 559
436 817 -534
719 530 -100
835 330 918
972 1003 565
512 223 944
242 645 236
82 620 -3
817 720 -801
533 295 231
320 941 -247
74 582 720
475 662 -441
727 383 985
283 685 -183
654 948 -191
174 158 536
356 886 674
488 853 -626
909 709 -909
182 815 -78
993 224 931
932 923 729
350 139 -738
786 250 598
103 229 -461
917 820 878
534 156 -414
999 893 -502
455 378 188
856 85 467
803 702 856
768 114 -32
341 885 968
62 993 251
519 806 -961
358 873 363
996 208 805
228 425 -975
810 438 103
463 314 640
869 951 -523
648 218 -518
710 414 1010
423 1005 -382
228 45 6
382 672 -782
805 255 -946
910 132 702
983 660 685
449 730 31
920 897 -652
689 64 948
597 926 91
369 265 -738
337 698 -429
43 541 -704
97 333 944
878 221 -543
393 660 815
585 921 1023
483 651 13
372 617 -263
1007 91 299
419 897 767
478 348 -457
132 275 -650
426 862 -622
872 38 -262
134 546 463
275 863 -978
730 345 -705
657 814 -520
318 692 -851
904 1007 -148
438 464 740
931 252 186
38 433 -327
39 475 281
298 838 592
368 988 -303
138 125 -392
1004 942 -777
445 793 -924
541 334 400
707 751 -380
184 204 -47
905 276 729
190 727 668
57 85 320
994 17 -942
86 969 443
273 308 899
851 695 324
638 387 -857
34 106 960
916 961 -711
427 541 190
966 34 -333
868 737 -324
939 304 -567
754 841 -939
989 155 417
674 189 -255
661 969 2
612 884 87
1000 1011 774
572 341 113
796 516 -742
655 413 -723
166 691 214
266 250 -211
288 728 -353
337 271 -532
411 958 -346
318 827 -867
600 691 -802
562 534 -569
282 537 -628
832 85 -374
604 230 73
394 709 -247
607 40 952
276 17 461
498 298 -443
437 1017 -977
124 426 -1007
1000 294 -385
221 336 847
339 831 281
442 431 227
694 23 728
273 411 -518
655 17 970
847 261 239
271 26 -622
336 739 510
39 916 542
684 326 -169
789 216 -836
82 659 542
645 210 40
744 954 914
431 591 -971
497 641 310
387 304 -297
295 38 992
806 755 -339
840 787 179
246 908 712
871 394 921
143 149 616
896 668 -165
409 667 -950
467 353 889
332 747 -57
254 976 1019
94 903 -131
16 535 116
466 371 -686
451 131 -868
684 781 -250
234 96 246
878 605 -959
904 800 820
491 835 339
930 1023 3
406 264 -168
841 371 358
358 848 307
27 483 -881
756 968 -443
983 633 663
803 875 192
597 732 -850
703 579 -816
477 505 741
466 320 -468
695 175 -709
842 985 -67
100 541 899
817 702 871
46 711 -883
1007 457 805
537 270 818
24 107 -511
951 7 -426
411 420 -848
318 770 803
703 860 -410
62 109 81
849 899 -705
993 692 -982
488 464 -242
165 871 82
738 354 795
664 736 721
888 147 -453
123 362 336
642 926 -455
48 186 -267
185 990 704
949 952 973
522 846 123
728 429 907
439 344 77
100 490 -473
577 636 343
611 743 -1010
159 493 248
832 29 -245
535 78 625
310 614 -6
252 29 907
786 954 -904
920 506 -310
596 427 797
941 342 -174
78 488 -741
407 611 -144
527 478 623
261 166 16
200 54 219
614 919 965
122 20 705
484 331 -486
622 91 755
900 219 -656
176 541 909
37 691 -719
385 364 -869
494 865 414
187 809 -499
999 764 829
981 284 317
197 866 547
843 278 -329
1014 821 784
709 194 -119
597 1009 -384
127 552 -969
743 440 825
940 415 502
181 994 -835
552 240 -336
774 8 -689
946 1002 866
167 239 -402
99 701 339
71 328 603
311 8 868
416 427 -223
108 267 98
588 639 811
419 649 -1002
711 278 -909
385 408 -1004
310 249 -22
803 593 -15
634 881 276
731 744 -787
974 666 -151
374 198 409
736 429 -194
758 176 881
328 747 84
625 599 53
74 617 217
227 669 549
886 629 -318
581 915 433
901 546 -965
820 112 -236
778 169 -835
415 255 222
264 618 316
1019 983 786
871 574 -245
102 940 -308
314 152 -394
190 643 -466
347 899 -166
347 75 -80
418 678 -713
879 207 -238
420 417 -431
900 821 49
478 805 -579
167 200 -744
928 346 -50
295 123 -202
366 930 -43
483 317 186
548 580 529
427 795 -865
126 637 -481
420 786 -972
610 789 464
956 96 614
113 939 683
94 764 471
392 91 -723
162 155 492
334 150 -131
593 391 -237
109 410 861
811 812 970
615 113 618
725 811 611
233 59 573
716 77 501
225 758 -809
905 93 -483
689 447 -939
447 1004 -902
572 107 -125
543 677 37
320 207 -37
434 538 -939
246 117 -262
73 315 2
502 687 355
397 720 659
20 512 287
640 698 -748
452 198 -17
713 760 -165
933 790 869
40 229 696
57 837 -289
1010 551 357
700 172 958
855 222 497
280 138 1024
555 56 -159
925 503 733
782 772 838
755 992 -38
860 326 211
562 997 437
359 79 -874
945 1000 663
920 860 -424
194 107 917
106 604 401
541 421 42
82 511 -389
977 30 -641
233 624 395
32 896 901
475 63 465
723 275 -392
268 54 330
849 651 599
563 392 -92
647 65 -8
64 304 -589
148 60 89
654 905 -574
635 305 757
979 23 408
256 806 -374
891 756 -160
427 624 -967
435 42 -217
376 996 -96
166 557 433
97 259 166
298 110 -864
559 90 -981
861 882 478
674 912 -775
436 139 833
463 149 535
41 735 252
152 808 -197
905 742 -838
690 1022 877
27 335 773
421 290 -32
921 1016 938
751 845 -948
219 484 502
265 533 945
882 574 354
286 287 -436
828 157 -3
949 793 696
306 941 -335
557 630 -54
738 909 -677
331 675 -206
800 722 413
43 302 -11
549 978 221
47 8 448
336 836 747
811 417 -960
636 294 1
400 525 -267
123 18 126
128 794 -1022
721 120 122
315 803 267
848 843 -609
587 854 -636
533 637 452
864 383 -59
52 49 -300
893 938 -136
995 866 826
506 388 -252
594 913 149
388 415 817
109 775 -71
270 253 810
175 880 -611
207 102 -91
123 429 351
611 102 409
616 561 639
938 215 548
902 417 600
749 741 299
403 280 394
177 439 -82
1007 495 -489
354 843 -187
472 349 670
521 430 -88
182 425 -157
257 462 462
373 240 -930
677 201 500
429 151 -632
667 778 888
950 392 222
117 239 -298
248 100 440
590 749 -698
865 388 840
418 908 385
781 464 -511
912 830 654
127 826 867
154 196 -165
96 46 -129
79 32 -749
556 191 -397
67 784 57
737 618 758
384 482 68
175 9 -67
871 542 877
874 92 -782
769 717 327
617 740 -374
345 298 352
54 713 220
808 25 336
250 228 -952
589 481 -120
720 790 -645
128 220 -818
240 676 -428
975 944 -424
730 211 767
558 915 -795
986 61 -640
580 616 -166
960 734 101
966 313 -272
859 476 639
658 510 443
252 158 -147
760 344 546
283 702 725
254 343 -594
37 480 -876
694 97 327
758 935 -748
357 581 400
99 340 793
797 771 -1017
42 858 -70
512 868 661
298 1 51
497 941 518
86 1013 -484
543 819 -879
799 124 297
902 830 -518
755 210 -9
969 865 306
34 621 48
323 763 -935
731 337 521
339 283 -214
972 8 -598
280 64 -232
772 846 -172
806 702 369
397 779 426
244 854 -923
1006 314 -334
22 332 913
196 776 325
947 324 436
96 506 -924
880 529 259
520 832 -47
372 263 -295
974 950 -298
654 117 123
169 875 -792
438 133 -753
827 457 234
900 767 732
888 666 -448
792 448 471
761 299 -549
347 851 -757
925 323 1006
470 131 498
10 466 -596
130 559 -991
291 7 421
188 898 -744
844 701 -883
423 115 -624
32 665 633
559 128 -130
994 190 633
514 288 458
79 880 732
1022 940 825
942 258 984
624 1019 -345
247 37 -845
441 835 240
860 59 -549
726 754 87
738 836 -166
920 854 212
78 434 -440
540 451 149
380 978 -823
620 181 783
669 160 -747
67 883 190
378 535 -945
884 892 -1
826 53 -444
928 150 -528
258 322 224
176 204 157
63 201 -560
679 1004 -715
126 35 -936
565 201 243
23 111 -283
806 772 -842
151 686 -636
456 627 700
237 1017 -236
215 25 -638
347 796 1012
891 958 -688
345 718 159
229 503 868
977 884 704
685 728 308
1008 76 -158
348 692 878
126 994 191
968 484 687
782 126 -247
780 744 334
859 841 -375
558 676 323
363 636 585
516 907 -237
509 87 -838
775 94 872
575 799 -357
336 521 -654
171 459 934
650 427 38
142 704 -517
57 1011 634
735 132 -717
291 150 -255
254 346 673
94 102 501
413 391 -920
977 604 786
278 588 313
259 53 588
596 34 611
380 480 724
88 556 884
780 764 -508
617 11 636
720 468 607
640 19 -813
792 140 -987
346 382 474
591 17 -24
331 407 -539
95 973 -803
689 23 -384
99 442 929
893 417 -278
677 724 276
964 923 204
534 819 -717
844 919 -289
1020 995 754
521 452 791
895 87 1022
686 383 -653
549 458 535
947 494 -76
261 72 -485
914 901 147
28 949 -65
673 444 -413
704 732 -256
129 826 329
656 797 1006
618 125 1000
965 276 54
469 683 570
457 643 -933
994 359 -705
941 542 -771
298 165 348
435 663 -347
387 1015 845
976 691 -966
218 831 108
619 99 -396
90 969 -307
177 278 -275
783 849 -315
159 544 -818
31 275 494
49 747 227
967 160 -118
592 639 -869
242 365 67
691 37 -916
154 85 817
930 723 255
216 311 880
517 823 5
413 849 728
433 92 409
929 704 -488
512 106 192
386 474 124
354 832 -282
301 862 -520
164 325 -530
277 770 -309
394 601 455
570 581 -614
975 737 488
999 597 811
596 547 94
457 175 644
780 130 383
143 818 -679
543 551 23
176 927 210
356 88 -961
81 107 -742
761 107 493
501 494 -824
991 679 218
13 622 262
471 133 -638
469 686 411
665 641 578
113 126 454
307 322 -1015
1010 862 530
221 447 -749
179 486 -268
196 496 516
649 86 -8
665 164 -321
270 1010 374
525 861 -575
782 697 -791
785 12 -315
258 793 530
356 769 -558
411 340 -1008
872 891 820
669 415 553
845 259 -157
949 983 587
562 814 471
9 113 456
309 129 -377
397 951 -801
625 567 122
387 1011 -948
247 884 -723
796 10 981
743 454 -190
335 996 -406
289 990 170
832 982 757
936 951 125
19 66 -617
44 635 -71
304 39 783
199 1012 -30
389 706 363
680 910 -368
409 401 -701
192 521 -965
262 378 -510
433 29 424
656 147 -798
589 686 -450
285 468 -363
994 801 943
79 946 -183
177 871 212
983 515 866
908 768 -368
894 391 -630
747 654 -431
231 383 807
1015 412 958
24 684 179
791 82 14
65 829 397
99 419 -475
184 979 -445
225 406 772
306 543 960
319 639 -919
543 745 715
46 158 526
567 432 -676
759 835 -449
252 595 -270
128 147 -679
616 979 -364
655 726 563
921 254 275
850 902 913
925 60 428
391 144 -195
684 788 853
995 892 353
137 984 -110
31 252 -62
197 198 -781
102 417 718
647 675 -158
302 911 -564
303 871 193
107 824 -895
483 645 551
855 148 453
525 216 -862
619 997 67
242 998 333
583 944 -210
180 212 -752
622 181 361
187 137 143
438 944 -286
481 385 450
749 602 -259
423 215 -880
224 820 -818
141 261 777
944 980 98
407 381 795
305 873 171
734 62 605
717 694 -602
32 611 -638
1017 381 -537
247 708 -653
987 277 -642
415 401 -711
1009 270 -695
41 452 -105
483 992 -149
490 889 -60
63 996 890
963 571 139
954 671 859
80 37 580
772 81 736
327 160 789
808 174 421
112 709 -791
174 555 -237
606 662 381
490 54 264
937 403 38
868 230 68
106 642 -126
889 435 -345
793 583 383
769 584 -583
409 417 361
36 614 -763
351 930 -390
128 534 181
713 37 426
451 893 486
727 874 535
541 542 711
450 578 139
415 196 274
728 581 -653
437 818 852
574 809 -530
210 72 492
500 87 -761
211 984 -765
425 420 972
53 448 -215
334 985 685
611 134 628
775 80 622
594 715 176
82 761 244
722 651 -331
636 494 -470
402 755 -538
905 149 -416
3 137 329
959 753 5
50 959 46
456 817 284
527 469 109
676 739 -531
78 194 -600
440 63 467
58 950 956
302 172 -213
228 628 454
872 276 273
851 176 582
541 592 -729
787 893 -748
860 704 370
632 903 439
439 228 -965
110 283 -614
32 512 -161
770 531 -289
729 323 -622
307 600 -488
370 435 -469
136 108 -593
778 906 577
390 288 503
878 400 -201
849 155 927
503 851 -921
312 814 -828
428 824 -436
1008 918 718
805 552 278
581 701 676
102 647 344
785 722 755
396 913 -923
799 335 148
396 850 68
319 7 -300
220 596 909
244 143 -83
183 777 -559
884 855 -625
360 325 -479
356 52 -566
405 145 -541
738 479 -537
798 711 928
76 469 985
643 147 -354
489 659 299
123 215 909
809 504 -796
619 601 -148
358 850 -275
777 381 969
461 701 455
522 250 -67
998 262 -517
742 556 17
276 928 -441
958 506 -500
103 258 -697
814 675 -491
43 262 -327
862 118 -759
545 868 839
225 1020 141
39 79 371
673 138 26
867 739 -171
589 994 -164
881 378 -905
729 624 -994
670 450 -647
658 887 959
398 626 12
687 264 83
148 576 947
741 226 860
252 650 -511
263 705 -283
810 437 837
2 48 -259
508 531 687
809 939 -36
927 223 210
978 69 -692
923 901 -49
705 490 333
233 164 187
404 341 204
144 500 807
641 869 159
180 240 -860
701 255 453
930 162 -15
680 744 59
213 361 -921
847 331 -517
736 504 98
1006 595 -326
564 874 -34
499 340 110
815 12 842
940 8 -545
391 999 513
192 19 -265
541 940 -599
118 840 263
749 226 -70
466 369 474
721 324 -148
909 568 -897
765 610 -351
796 672 730
765 368 -885
722 392 665
846 363 105
480 736 -303
442 716 949
951 650 -278
13 43 588
387 459 -323
20 477 -317
572 670 61
779 340 564
479 215 882
135 589 -659
858 601 -744
824 725 582
981 674 939
846 370 198
633 435 -586
738 657 24
569 959 415
805 810 307
775 574 263
442 960 516
858 568 -424
609 348 -14
358 594 546
644 1 674
129 396 454
1010 493 -844
913 252 -666
673 622 346
984 278 803
1011 579 434
570 5 187
847 609 320
66 348 -791
954 777 -519
235 191 825
682 269 114
458 950 459
897 164 94
228 41 -78
53 741 620
344 753 141
280 828 -63
454 773 818
70 729 314
330 753 -737
591 385 91
420 1006 457
781 191 -266
135 893 604
915 952 -18
746 504 -829
464 95 774
212 286 689
430 276 1017
565 764 688
618 723 525
511 5 955
545 317 -48
815 701 632
909 324 885
600 628 -495
249 848 42
97 817 -423
187 382 -893
893 771 527
234 190 901
168 560 578
482 285 -255
698 510 -154
545 132 -111
276 722 -260
505 438 838
935 92 246
856 761 48
340 148 243
101 657 249
274 118 -787
444 391 343
51 460 -78
641 520 -766
4 681 -47
502 501 -62
513 954 686
40 513 852
673 1007 -168
726 773 -547
71 191 426
455 966 -401
18 825 -566
68 615 -239
93 649 -997
669 836 -464
955 899 301
54 522 -95
174 415 301
532 860 514
542 35 -636
884 115 68
127 588 -52
84 220 -249
991 27 -899
947 110 -11
1023 232 667
845 537 198
751 250 446
404 240 529
216 302 36
259 403 560
762 234 997
1007 260 -537
250 51 -966
524 884 142
487 26 938
842 102 740
533 783 -825
56 788 -216
467 706 -755
341 127 27
579 139 -229
361 664 247
839 128 -904
11 192 126
469 735 709
861 857 955
719 792 -165
550 681 511
69 939 -727
304 941 25
645 346 -625
89 853 -118
32 316 396
1012 457 -34
406 734 -466
728 90 296
174 147 -484
755 268 333
737 157 111
647 670 822
784 509 330
682 234 639
417 892 -324
865 665 -31
932 467 -12
474 426 -817
317 34 417
381 648 -826
451 420 742
108 688 424
575 375 -865
314 513 91
18 790 1
143 193 -2
964 444 909
174 19 194
890 120 1021
832 877 493
280 323 -536
429 40 833
205 408 -566
941 899 920
621 83 677
258 513 -62
674 366 189
166 882 756
740 368 -87
443 31 -833
50 121 899
124 114 604
651 484 452
565 227 123
674 56 479
200 343 -217
935 179 -176
211 985 304
889 973 465
697 986 -981
906 531 1020
711 375 -429
216 434 -971
91 104 186
876 316 229
65 984 922
352 63 -268
412 603 912
705 331 797
443 976 510
185 318 -131
450 784 835
486 632 888
123 639 350
554 152 511
219 727 -498
331 460 34
339 760 -797
670 945 757
528 79 314
191 574 -516
584 897 -995
1005 122 724
433 666 70
425 482 -457
185 849 976
595 18 -82
728 185 -566
110 459 839
356 981 404
425 413 88
290 132 -825
389 80 -73
561 158 703
732 79 -481
508 547 989
72 272 594
270 77 692
888 880 923
378 725 338
403 34 -744
392 800 -123
477 67 -907
796 461 639
327 468 -604
747 190 -436
314 284 -57
605 724 -1022
561 187 671
938 295 981
590 505 236
756 990 -653
687 791 -1002
733 279 138
227 577 -640
394 99 791
494 566 -646
749 717 466
921 367 -279
173 753 -991
558 418 -138
912 962 -883
679 715 110
380 198 919
601 289 -615
215 677 -114
24 818 442
991 14 202
981 28 -527
729 516 -446
36 299 768
17 532 364
145 469 -454
43 101 148
859 670 579
882 730 -630
145 501 -348
131 216 -85
233 767 -645
380 0 -115
839 412 -28
431 137 -988
938 912 120
647 474 -279
225 876 791
84 562 847
5 603 -260
618 225 -531
1021 644 -781
260 438 -762
75 229 182
133 182 -202
288 291 -353
976 715 -378
549 1012 -761
582 575 940
706 332 450
678 256 -5
325 631 788
445 79 -5
89 318 267
54 236 -39
818 875 112
253 384 715
170 455 849
326 301 -980
79 961 -727
828 484 148
277 339 70
674 293 -694
911 199 507
331 302 -279
619 202 67
358 606 -649
345 689 -884
49 804 -1010
377 227 -594
841 373 522
905 846 -346
205 834 -352
215 313 490
1019 125 967
293 615 56
484 845 177
868 785 773
742 590 395
489 969 258
492 572 64
406 717 -366
472 542 617
134 589 569
48 869 -21
624 864 666
454 275 -151
195 1006 711
675 537 -60
212 54 -634
17 216 -284
996 756 -623
537 492 -99
311 456 293
1004 53 -921
891 663 222
628 762 -704
660 772 -604
683 341 -777
721 468 869
663 769 -831
68 886 783
785 182 -787
740 15 999
237 82 318
924 297 85
395 475 943
859 675 -333
451 313 640
938 943 -649
869 245 350
967 880 902
1012 229 -519
465 1003 992
803 303 -368
826 745 -39
385 959 -196
821 881 -646
767 689 151
219 254 -1017
846 1 -958
185 810 -817
791 930 -726
205 584 1007
131 571 738
916 282 453
609 162 -155
328 316 260
670 1014 -729
979 372 -909
162 273 160
215 16 537
856 362 79
732 497 264
270 459 292
887 115 -266
823 446 -544
59 853 -327
252 206 -1005
834 259 743
967 714 -96
748 292 -333
279 396 -664
894 830 164
847 500 571
930 948 840
262 560 552
902 670 376
458 462 738
570 166 -415
260 903 593
577 547 978
702 608 -37
65 787 147
899 1009 140
102 280 -816
552 912 303
676 278 -884
475 701 -374
822 519 532
936 384 362
481 862 -247
253 751 -679
259 934 181
883 485 -878
957 368 -32
905 63 -155
844 718 -977
381 983 634
266 440 880
281 441 -436
118 348 -438
705 337 -830
973 4 -112
913 192 -149
132 1007 112
284 516 247
649 775 668
164 205 822
883 914 -78
827 138 -978
412 353 710
851 971 1022
7 88 340
959 678 -408
52 638 -640
174 410 -654
40 205 740
1007 756 -824
539 912 326
322 1014 -48
207 852 -188
908 886 44
200 764 -25
400 760 376
551 762 -319
335 497 203
64 669 -1021
290 999 441
706 757 -775
379 50 -883
111 1019 -116
890 645 -882
332 635 152
932 959 530
629 261 647
95 232 -667
959 798 -417
902 22 596
984 1002 644
261 137 514
664 396 -474
899 861 320
447 819 291
158 893 -391
162 752 942
719 869 -219
41 149 -986
506 482 -438
7 644 489
117 684 605
546 188 876
302 969 -499
111 341 -1012
765 880 -1003
905 645 699
189 253 -957
1000 897 412
875 659 621
845 414 -271
460 336 651
600 351 305
847 474 -642
726 607 -245
1009 466 112
939 933 756
578 357 386
815 284 -226
438 117 -370
634 38 -20
723 914 -659
533 865 -860
82 630 -331
681 551 -363
1020 750 -48
539 927 -900
849 177 381
126 1021 -294
201 128 517
175 988 904
203 400 -292
807 201 -868
966 3 -335
656 393 -653
706 1 463
863 172 -446
319 103 -956
210 370 -710
17 502 152
283 139 -887
72 733 -693
202 999 616
746 841 712
218 631 -687
933 31 482
576 310 -193
488 77 -798
537 935 -877
518 857 577
525 936 416
46 860 -1024
373 356 975
244 94 322
359 775 594
564 743 173
411 626 -498
20 979 909
420 524 157
649 139 136
132 350 273
617 809 -685
122 59 -126
389 962 -396
126 54 -343
818 409 -82
367 646 1016
251 837 259
497 408 470
718 728 293
121 183 372
106 1023 -469
284 883 -416
710 940 -626
85 944 -71
472 1020 -578
751 474 708
132 76 618
959 766 -972
315 34 632
894 748 -743
726 548 -424
115 553 630
305 883 -319
853 804 902
15 42 -536
363 159 346
466 696 -145
213 399 -693
244 841 -764
550 282 -153
878 724 -656
408 395 -454
538 521 380
441 498 992
1000 30 -868
879 268 591
350 616 212
253 953 575
830 878 888
411 909 -885
142 227 767
580 358 -872
623 654 814
66 1012 842
234 791 817
138 727 -386
259 402 -283
401 128 -514
12 582 888
442 540 -763
862 230 -978
824 939 916
331 738 837
463 924 -517
126 925 700
681 985 1007
938 246 -307
571 521 -714
579 24 109
498 844 -684
755 334 -1015
537 763 771
371 431 391
206 503 -189
977 638 546
887 396 -677
695 659 645
587 950 -371
969 645 -949
834 183 -483
609 782 -236
887 39 -429
442 238 -327
510 939 914
896 269 68
219 509 -126
1014 308 -262
13 595 307
230 652 469
174 330 -208
383 521 612
287 107 706
706 176 -604
869 301 -889
400 660 -269
344 361 -740
457 890 597
191 923 -222
856 57 684
292 303 226
44 644 686
132 839 -502
196 344 707
678 888 450
617 926 464
298 349 886
899 23 884
787 110 -735
916 792 -831
997 875 680
231 401 66
354 26 758
74 586 -408
529 71 850
344 733 1008
202 621 855
905 879 621
184 173 -826
645 981 -955
